   1     1  1 2 3 4 5 6 7 8 9 0 E T   
   2    13  1 2 3 4 5 6 7 8 9 0 E T   =
   3    25  1 2 3 4 5 6 7 8 9 0 E T   =
   4    37  1 2 3 4 5 6 7 8 9 0 E T   =
   5    49  1 2 3 4 5 6 7 8 9 0 E T   =
   6    61  1 2 3 4 5 6 7 8 9 0 E T   =
   7    73  1 2 3 4 5 6 7 8 9 0 E T   =
   8    85  1 2 3 4 5 6 7 8 9 0 E T   =
   9    97  1 2 3 4 5 6 7 8 9 0 E T   =
  10   109  1 2 3 4 5 6 7 8 9 0 E T   =
  11   121  1 2 3 4 5 6 7 8 9 0 E T   =
  12   133  1 2 3 4 5 6 7 8 9 0 E T   =
  13   145  1 2 3 4 5 6 7 8 9 0 E T   =
  14   157  1 2 3 4 5 6 7 8 9 0 E T   =
  15   169  1 2 3 4 5 6 7 8 9 0 E T   =
  16   181  1 2 3 4 5 6 7 8 9 0 E T   =
  17   193  1 2 3 4 5 6 7 8 9 0 E T   =
  18   205  1 2 3 4 5 6 7 8 9 0 E T   =
  19   217  1 2 3 4 5 6 7 8 9 0 E T   =
  20   229  1 2 3 4 5 6 7 8 9 0 E T   =
  21   241  1 2 3 4 5 6 7 8 9 0 E T   =
  22   253  1 2 3 4 5 6 7 8 9 0 E T   =
  23   265  2 1 4 3 6 5 8 7 0 9 T E   -
  24   277  1 2 4 6 3 8 5 0 7 T 9 E   3
  25   289  2 1 6 4 8 3 0 5 T 7 E 9   -
  26   301  2 6 1 4 3 8 5 0 7 T 9 E   14
  27   313  6 2 4 1 8 3 0 5 T 7 E 9   -
  28   325  6 2 1 4 8 0 3 T 5 E 7 9   125
  29   337  2 6 4 1 0 8 T 3 E 5 9 7   -
  30   349  6 2 4 0 1 8 3 T 5 E 7 9   36
  31   361  2 6 0 4 8 1 T 3 E 5 9 7   -
  32   373  2 0 6 4 1 8 T E 3 9 5 7   147
  33   385  0 2 4 6 8 1 E T 9 3 7 5   -
  34   397  2 0 6 4 8 E 1 T 3 9 5 7   58
  35   409  0 2 4 6 E 8 T 1 9 3 7 5   -
  36   421  0 4 2 E 6 8 1 T 9 7 3 5   169
  37   433  4 0 E 2 8 6 T 1 7 9 5 3   -
  38   445  0 4 2 E 6 8 T 7 1 9 3 5   70
  39   457  4 0 E 2 8 6 7 T 9 1 5 3   -
  40   469  4 E 0 8 2 7 6 T 1 9 3 5   18
  41   481  E 4 8 0 7 2 T 6 9 1 5 3   -
  42   493  4 E 0 8 2 7 6 T 9 5 1 3   9
  43   505  E 4 8 0 7 2 T 6 5 9 3 1   -
  44   517  E 8 4 7 0 T 2 5 6 9 1 3   10
  45   529  8 E 7 4 T 0 5 2 9 6 3 1   -
  46   541  E 8 4 7 0 T 2 5 6 9 3 1   E
  47   553  8 E 7 4 T 0 5 2 9 6 1 3   -
  48   565  8 7 E T 4 5 0 9 2 6 3 1   10
  49   577  7 8 T E 5 4 9 0 6 2 1 3   -
  50   589  8 7 E T 4 5 0 9 6 1 2 3   9
  51   601  7 8 T E 5 4 9 0 1 6 3 2   -
  52   613  7 T 8 5 E 9 4 0 6 1 2 3   18
  53   625  T 7 5 8 9 E 0 4 1 6 3 2   -
  54   637  7 T 8 5 E 9 0 1 4 6 2 3   70
  55   649  T 7 5 8 9 E 1 0 6 4 3 2   -
  56   661  T 5 7 9 8 E 0 1 6 3 4 2   169
  57   673  5 T 9 7 E 8 1 0 3 6 2 4   -
  58   685  T 5 7 9 E 1 8 0 6 3 4 2   58
  59   697  5 T 9 7 1 E 0 8 3 6 2 4   -
  60   709  5 9 T 7 E 1 0 3 8 2 6 4   147
  61   721  9 5 7 T 1 E 3 0 2 8 4 6   -
  62   733  5 9 7 1 T E 0 3 8 2 6 4   36
  63   745  9 5 1 7 E T 3 0 2 8 4 6   -
  64   757  9 5 7 1 E 3 T 2 0 4 8 6   125
  65   769  5 9 1 7 3 E 2 T 4 0 6 8   -
  66   781  5 1 9 7 E 3 T 2 0 4 8 6   14
  67   793  1 5 7 9 3 E 2 T 4 0 6 8   -
  68   805  5 1 7 3 9 2 E 4 T 6 0 8   3
  69   817  1 5 3 7 2 9 4 E 6 T 8 0   -
  70   829  1 5 7 3 9 2 E 4 T 6 0 8   12
  71   841  5 1 3 7 2 9 4 E 6 T 8 0   -
  72   853  1 5 3 2 7 4 9 6 E 8 T 0   3
  73   865  5 1 2 3 4 7 6 9 8 E 0 T   -
  74   877  5 2 1 3 7 4 9 6 E 8 T 0   14
  75   889  2 5 3 1 4 7 6 9 8 E 0 T   -
  76   901  2 5 1 3 4 6 7 8 9 0 E T   125
  77   913  5 2 3 1 6 4 8 7 0 9 T E   -
  78   925  2 5 3 6 1 4 7 8 9 0 E T   36
  79   937  5 2 6 3 4 1 8 7 0 9 T E   -
  80   949  5 6 2 3 1 4 8 0 7 T 9 E   147
  81   961  6 5 3 2 4 1 0 8 T 7 E 9   -
  82   973  5 6 2 3 4 0 1 8 7 T 9 E   58
  83   985  6 5 3 2 0 4 8 1 T 7 E 9   -
  84   997  6 3 5 0 2 4 1 8 T E 7 9   169
  85  1009  3 6 0 5 4 2 8 1 E T 9 7   -
  86  1021  6 3 5 0 2 4 8 E 1 T 7 9   70
  87  1033  3 6 0 5 4 2 E 8 T 1 9 7   -
  88  1045  3 0 6 4 5 E 2 8 1 T 7 9   18
  89  1057  0 3 4 6 E 5 8 2 T 1 9 7   -
  90  1069  3 0 6 4 5 E 2 8 T 9 1 7   9
  91  1081  0 3 4 6 E 5 8 2 9 T 7 1   -
  92  1093  0 4 3 E 6 8 5 9 2 T 1 7   10
  93  1105  4 0 E 3 8 6 9 5 T 2 7 1   -
  94  1117  0 4 3 E 6 8 5 9 2 T 7 1   E
  95  1129  4 0 E 3 8 6 9 5 T 2 1 7   -
  96  1141  4 E 0 8 3 9 6 T 5 2 7 1   10
  97  1153  E 4 8 0 9 3 T 6 2 5 1 7   -
  98  1165  4 E 0 8 3 9 6 T 2 1 5 7   9
  99  1177  E 4 8 0 9 3 T 6 1 2 7 5   -
 100  1189  E 8 4 9 0 T 3 6 2 1 5 7   18
 101  1201  8 E 9 4 T 0 6 3 1 2 7 5   -
 102  1213  E 8 4 9 0 T 6 1 3 2 5 7   70
 103  1225  8 E 9 4 T 0 1 6 2 3 7 5   -
 104  1237  8 9 E T 4 0 6 1 2 7 3 5   169
 105  1249  9 8 T E 0 4 1 6 7 2 5 3   -
 106  1261  8 9 E T 0 1 4 6 2 7 3 5   58
 107  1273  9 8 T E 1 0 6 4 7 2 5 3   -
 108  1285  9 T 8 E 0 1 6 7 4 5 2 3   147
 109  1297  T 9 E 8 1 0 7 6 5 4 3 2   -
 110  1309  9 T E 1 8 0 6 7 4 5 2 3   36
 111  1321  T 9 1 E 0 8 7 6 5 4 3 2   -
 112  1333  T 9 E 1 0 7 8 5 6 3 4 2   125
 113  1345  9 T 1 E 7 0 5 8 3 6 2 4   -
 114  1357  9 1 T E 0 7 8 5 6 3 4 2   14
 115  1369  1 9 E T 7 0 5 8 3 6 2 4   -
 116  1381  9 1 E 7 T 5 0 3 8 2 6 4   3
 117  1393  1 9 7 E 5 T 3 0 2 8 4 6   -
 118  1405  1 9 E 7 T 5 0 3 8 2 6 4   12
 119  1417  9 1 7 E 5 T 3 0 2 8 4 6   -
 120  1429  1 9 7 5 E 3 T 2 0 4 8 6   3
 121  1441  9 1 5 7 3 E 2 T 4 0 6 8   -
 122  1453  9 5 1 7 E 3 T 2 0 4 8 6   14
 123  1465  5 9 7 1 3 E 2 T 4 0 6 8   -
 124  1477  5 9 1 7 3 2 E 4 T 6 0 8   125
 125  1489  9 5 7 1 2 3 4 E 6 T 8 0   -
 126  1501  5 9 7 2 1 3 E 4 T 6 0 8   36
 127  1513  9 5 2 7 3 1 4 E 6 T 8 0   -
 128  1525  9 2 5 7 1 3 4 6 E 8 T 0   147
 129  1537  2 9 7 5 3 1 6 4 8 E 0 T   -
 130  1549  9 2 5 7 3 6 1 4 E 8 T 0   58
 131  1561  2 9 7 5 6 3 4 1 8 E 0 T   -
 132  1573  2 7 9 6 5 3 1 4 8 0 E T   169
 133  1585  7 2 6 9 3 5 4 1 0 8 T E   -
 134  1597  2 7 9 6 5 3 4 0 1 8 E T   70
 135  1609  7 2 6 9 3 5 0 4 8 1 T E   -
 136  1621  7 6 2 3 9 0 5 4 1 8 E T   18
 137  1633  6 7 3 2 0 9 4 5 8 1 T E   -
 138  1645  7 6 2 3 9 0 5 4 8 T 1 E   9
 139  1657  6 7 3 2 0 9 4 5 T 8 E 1   -
 140  1669  6 3 7 0 2 4 9 T 5 8 1 E   10
 141  1681  3 6 0 7 4 2 T 9 8 5 E 1   -
 142  1693  6 3 7 0 2 4 9 T 5 8 E 1   E
 143  1705  3 6 0 7 4 2 T 9 8 5 1 E   -
 144  1717  3 0 6 4 7 T 2 8 9 5 E 1   10
 145  1729  0 3 4 6 T 7 8 2 5 9 1 E   -
 146  1741  3 0 6 4 7 T 2 8 5 1 9 E   9
 147  1753  0 3 4 6 T 7 8 2 1 5 E 9   -
 148  1765  0 4 3 T 6 8 7 2 5 1 9 E   18
 149  1777  4 0 T 3 8 6 2 7 1 5 E 9   -
 150  1789  0 4 3 T 6 8 2 1 7 5 9 E   70
 151  1801  4 0 T 3 8 6 1 2 5 7 E 9   -
 152  1813  4 T 0 8 3 6 2 1 5 E 7 9   169
 153  1825  T 4 8 0 6 3 1 2 E 5 9 7   -
 154  1837  4 T 0 8 6 1 3 2 5 E 7 9   58
 155  1849  T 4 8 0 1 6 2 3 E 5 9 7   -
 156  1861  T 8 4 0 6 1 2 E 3 9 5 7   147
 157  1873  8 T 0 4 1 6 E 2 9 3 7 5   -
 158  1885  T 8 0 1 4 6 2 E 3 9 5 7   36
 159  1897  8 T 1 0 6 4 E 2 9 3 7 5   -
 160  1909  8 T 0 1 6 E 4 9 2 7 3 5   125
 161  1921  T 8 1 0 E 6 9 4 7 2 5 3   -
 162  1933  T 1 8 0 6 E 4 9 2 7 3 5   14
 163  1945  1 T 0 8 E 6 9 4 7 2 5 3   -
 164  1957  T 1 0 E 8 9 6 7 4 5 2 3   3
 165  1969  1 T E 0 9 8 7 6 5 4 3 2   -
 166  1981  1 E T 0 8 9 6 7 4 5 2 3   14
 167  1993  E 1 0 T 9 8 7 6 5 4 3 2   -
 168  2005  1 E 0 9 T 7 8 5 6 3 4 2   3
 169  2017  E 1 9 0 7 T 5 8 3 6 2 4   -
 170  2029  E 9 1 0 T 7 8 5 6 3 4 2   14
 171  2041  9 E 0 1 7 T 5 8 3 6 2 4   -
 172  2053  9 E 1 0 7 5 T 3 8 2 6 4   125
 173  2065  E 9 0 1 5 7 3 T 2 8 4 6   -
 174  2077  9 E 0 5 1 7 T 3 8 2 6 4   36
 175  2089  E 9 5 0 7 1 3 T 2 8 4 6   -
 176  2101  E 5 9 0 1 7 3 2 T 4 8 6   147
 177  2113  5 E 0 9 7 1 2 3 4 T 6 8   -
 178  2125  E 5 9 0 7 2 1 3 T 4 8 6   58
 179  2137  5 E 0 9 2 7 3 1 4 T 6 8   -
 180  2149  5 0 E 2 9 7 1 3 4 6 T 8   169
 181  2161  0 5 2 E 7 9 3 1 6 4 8 T   -
 182  2173  5 0 E 2 9 7 3 6 1 4 T 8   70
 183  2185  0 5 2 E 7 9 6 3 4 1 8 T   -
 184  2197  0 2 5 7 E 6 9 3 1 4 T 8   18
 185  2209  2 0 7 5 6 E 3 9 4 1 8 T   -
 186  2221  0 2 5 7 E 6 9 3 4 8 1 T   9
 187  2233  2 0 7 5 6 E 3 9 8 4 T 1   -
 188  2245  2 7 0 6 5 3 E 8 9 4 1 T   10
 189  2257  7 2 6 0 3 5 8 E 4 9 T 1   -
 190  2269  2 7 0 6 5 3 E 8 9 4 T 1   E
 191  2281  7 2 6 0 3 5 8 E 4 9 1 T   -
 192  2293  7 6 2 3 0 8 5 4 E 9 T 1   10
 193  2305  6 7 3 2 8 0 4 5 9 E 1 T   -
 194  2317  7 6 2 3 0 8 5 4 9 1 E T   9
 195  2329  6 7 3 2 8 0 4 5 1 9 T E   -
 196  2341  6 3 7 8 2 4 0 5 9 1 E T   18
 197  2353  3 6 8 7 4 2 5 0 1 9 T E   -
 198  2365  6 3 7 8 2 4 5 1 0 9 E T   70
 199  2377  3 6 8 7 4 2 1 5 9 0 T E   -
 200  2389  3 8 6 4 7 2 5 1 9 T 0 E   169
 201  2401  8 3 4 6 2 7 1 5 T 9 E 0   -
 202  2413  3 8 6 4 2 1 7 5 9 T 0 E   58
 203  2425  8 3 4 6 1 2 5 7 T 9 E 0   -
 204  2437  8 4 3 6 2 1 5 T 7 E 9 0   147
 205  2449  4 8 6 3 1 2 T 5 E 7 0 9   -
 206  2461  8 4 6 1 3 2 5 T 7 E 9 0   36
 207  2473  4 8 1 6 2 3 T 5 E 7 0 9   -
 208  2485  4 8 6 1 2 T 3 E 5 0 7 9   125
 209  2497  8 4 1 6 T 2 E 3 0 5 9 7   -
 210  2509  8 1 4 6 2 T 3 E 5 0 7 9   14
 211  2521  1 8 6 4 T 2 E 3 0 5 9 7   -
 212  2533  8 1 6 T 4 E 2 0 3 9 5 7   3
 213  2545  1 8 T 6 E 4 0 2 9 3 7 5   -
 214  2557  1 8 6 T 4 E 2 0 3 9 5 7   12
 215  2569  8 1 T 6 E 4 0 2 9 3 7 5   -
 216  2581  1 8 T E 6 0 4 9 2 7 3 5   3
 217  2593  8 1 E T 0 6 9 4 7 2 5 3   -
 218  2605  8 E 1 T 6 0 4 9 2 7 3 5   14
 219  2617  E 8 T 1 0 6 9 4 7 2 5 3   -
 220  2629  E 8 1 T 0 9 6 7 4 5 2 3   125
 221  2641  8 E T 1 9 0 7 6 5 4 3 2   -
 222  2653  E 8 T 9 1 0 6 7 4 5 2 3   36
 223  2665  8 E 9 T 0 1 7 6 5 4 3 2   -
 224  2677  8 9 E T 1 0 7 5 6 3 4 2   147
 225  2689  9 8 T E 0 1 5 7 3 6 2 4   -
 226  2701  8 9 E T 0 5 1 7 6 3 4 2   58
 227  2713  9 8 T E 5 0 7 1 3 6 2 4   -
 228  2725  9 T 8 5 E 0 1 7 3 2 6 4   169
 229  2737  T 9 5 8 0 E 7 1 2 3 4 6   -
 230  2749  9 T 8 5 E 0 7 2 1 3 6 4   70
 231  2761  T 9 5 8 0 E 2 7 3 1 4 6   -
 232  2773  T 5 9 0 8 2 E 7 1 3 6 4   18
 233  2785  5 T 0 9 2 8 7 E 3 1 4 6   -
 234  2797  T 5 9 0 8 2 E 7 3 4 1 6   9
 235  2809  5 T 0 9 2 8 7 E 4 3 6 1   -
 236  2821  5 0 T 2 9 7 8 4 E 3 1 6   10
 237  2833  0 5 2 T 7 9 4 8 3 E 6 1   -
 238  2845  5 0 T 2 9 7 8 4 E 3 6 1   E
 239  2857  0 5 2 T 7 9 4 8 3 E 1 6   -
 240  2869  0 2 5 7 T 4 9 3 8 E 6 1   10
 241  2881  2 0 7 5 4 T 3 9 E 8 1 6   -
 242  2893  0 2 5 7 T 4 9 3 E 1 8 6   9
 243  2905  2 0 7 5 4 T 3 9 1 E 6 8   -
 244  2917  2 7 0 4 5 3 T 9 E 1 8 6   18
 245  2929  7 2 4 0 3 5 9 T 1 E 6 8   -
 246  2941  2 7 0 4 5 3 9 1 T E 8 6   70
 247  2953  7 2 4 0 3 5 1 9 E T 6 8   -
 248  2965  7 4 2 3 0 5 9 1 E 6 T 8   169
 249  2977  4 7 3 2 5 0 1 9 6 E 8 T   -
 250  2989  7 4 2 3 5 1 0 9 E 6 T 8   58
 251  3001  4 7 3 2 1 5 9 0 6 E 8 T   -
 252  3013  4 3 7 2 5 1 9 6 0 8 E T   147
 253  3025  3 4 2 7 1 5 6 9 8 0 T E   -
 254  3037  4 3 2 1 7 5 9 6 0 8 E T   36
 255  3049  3 4 1 2 5 7 6 9 8 0 T E   -
 256  3061  3 4 2 1 5 6 7 8 9 T 0 E   125
 257  3073  4 3 1 2 6 5 8 7 T 9 E 0   -
 258  3085  4 1 3 2 5 6 7 8 9 T 0 E   14
 259  3097  1 4 2 3 6 5 8 7 T 9 E 0   -
 260  3109  4 1 2 6 3 8 5 T 7 E 9 0   3
 261  3121  1 4 6 2 8 3 T 5 E 7 0 9   -
 262  3133  1 4 2 6 3 8 5 T 7 E 9 0   12
 263  3145  4 1 6 2 8 3 T 5 E 7 0 9   -
 264  3157  1 4 6 8 2 T 3 E 5 0 7 9   3
 265  3169  4 1 8 6 T 2 E 3 0 5 9 7   -
 266  3181  4 8 1 6 2 T 3 E 5 0 7 9   14
 267  3193  8 4 6 1 T 2 E 3 0 5 9 7   -
 268  3205  8 4 1 6 T E 2 0 3 9 5 7   125
 269  3217  4 8 6 1 E T 0 2 9 3 7 5   -
 270  3229  8 4 6 E 1 T 2 0 3 9 5 7   36
 271  3241  4 8 E 6 T 1 0 2 9 3 7 5   -
 272  3253  4 E 8 6 1 T 0 9 2 7 3 5   147
 273  3265  E 4 6 8 T 1 9 0 7 2 5 3   -
 274  3277  4 E 8 6 T 9 1 0 2 7 3 5   58
 275  3289  E 4 6 8 9 T 0 1 7 2 5 3   -
 276  3301  E 6 4 9 8 T 1 0 7 5 2 3   169
 277  3313  6 E 9 4 T 8 0 1 5 7 3 2   -
 278  3325  E 6 4 9 8 T 0 5 1 7 2 3   70
 279  3337  6 E 9 4 T 8 5 0 7 1 3 2   -
 280  3349  6 9 E T 4 5 8 0 1 7 2 3   18
 281  3361  9 6 T E 5 4 0 8 7 1 3 2   -
 282  3373  6 9 E T 4 5 8 0 7 3 1 2   9
 283  3385  9 6 T E 5 4 0 8 3 7 2 1   -
 284  3397  9 T 6 5 E 0 4 3 8 7 1 2   10
 285  3409  T 9 5 6 0 E 3 4 7 8 2 1   -
 286  3421  9 T 6 5 E 0 4 3 8 7 2 1   E
 287  3433  T 9 5 6 0 E 3 4 7 8 1 2   -
 288  3445  T 5 9 0 6 3 E 7 4 8 2 1   10
 289  3457  5 T 0 9 3 6 7 E 8 4 1 2   -
 290  3469  T 5 9 0 6 3 E 7 8 1 4 2   9
 291  3481  5 T 0 9 3 6 7 E 1 8 2 4   -
 292  3493  5 0 T 3 9 7 6 E 8 1 4 2   18
 293  3505  0 5 3 T 7 9 E 6 1 8 2 4   -
 294  3517  5 0 T 3 9 7 E 1 6 8 4 2   70
 295  3529  0 5 3 T 7 9 1 E 8 6 2 4   -
 296  3541  0 3 5 7 T 9 E 1 8 2 6 4   169
 297  3553  3 0 7 5 9 T 1 E 2 8 4 6   -
 298  3565  0 3 5 7 9 1 T E 8 2 6 4   58
 299  3577  3 0 7 5 1 9 E T 2 8 4 6   -
 300  3589  3 7 0 5 9 1 E 2 T 4 8 6   147
 301  3601  7 3 5 0 1 9 2 E 4 T 6 8   -
 302  3613  3 7 5 1 0 9 E 2 T 4 8 6   36
 303  3625  7 3 1 5 9 0 2 E 4 T 6 8   -
 304  3637  7 3 5 1 9 2 0 4 E 6 T 8   125
 305  3649  3 7 1 5 2 9 4 0 6 E 8 T   -
 306  3661  3 1 7 5 9 2 0 4 E 6 T 8   14
 307  3673  1 3 5 7 2 9 4 0 6 E 8 T   -
 308  3685  3 1 5 2 7 4 9 6 0 8 E T   3
 309  3697  1 3 2 5 4 7 6 9 8 0 T E   -
 310  3709  1 2 3 4 5 6 7 8 9 0 E T   10
 311  3721  1 2 3 4 5 6 7 8 9 0 E T   =
 312  3733  1 2 3 4 5 6 7 8 9 0 E T   =
 313  3745  1 2 3 4 5 6 7 8 9 0 E T   =
 314  3757  1 2 3 4 5 6 7 8 9 0 E T   =
 315  3769  1 2 3 4 5 6 7 8 9 0 E T   =
 316  3781  1 2 3 4 5 6 7 8 9 0 E T   =
