   1     1  1 2 3 4 5 6 7 8 9 0 E T   
   2    13  1 2 3 4 5 6 7 8 9 0 E T   =
   3    25  1 2 3 4 5 6 7 8 9 0 E T   =
   4    37  1 2 3 4 5 6 7 8 9 0 E T   =
   5    49  1 2 3 4 5 6 7 8 9 0 E T   =
   6    61  1 2 3 4 5 6 7 8 9 0 E T   =
   7    73  1 2 3 4 5 6 7 8 9 0 E T   =
   8    85  1 2 3 4 5 6 7 8 9 0 E T   =
   9    97  1 2 3 4 5 6 7 8 9 0 E T   =
  10   109  1 2 3 4 5 6 7 8 9 0 E T   =
  11   121  1 2 3 4 5 6 7 8 9 0 E T   =
  12   133  1 2 3 4 5 6 7 8 9 0 E T   =
  13   145  1 2 3 4 5 6 7 8 9 0 E T   =
  14   157  1 2 3 4 5 6 7 8 9 0 E T   =
  15   169  1 2 3 4 5 6 7 8 9 0 E T   =
  16   181  1 2 3 4 5 6 7 8 9 0 E T   =
  17   193  1 2 3 4 5 6 7 8 9 0 E T   =
  18   205  1 2 3 4 5 6 7 8 9 0 E T   =
  19   217  1 2 3 4 5 6 7 8 9 0 E T   =
  20   229  1 2 3 4 5 6 7 8 9 0 E T   =
  21   241  1 2 3 4 5 6 7 8 9 0 E T   =
  22   253  1 2 3 4 5 6 7 8 9 0 E T   =
  23   265  1 2 3 4 5 6 7 8 9 0 E T   =
  24   277  1 2 3 4 5 6 7 8 9 0 E T   =
  25   289  2 1 4 3 6 5 8 7 0 9 T E   -
  26   301  1 2 3 4 6 8 5 0 7 T 9 E   5
  27   313  2 1 4 3 8 6 0 5 T 7 E 9   -
  28   325  2 4 1 3 6 8 5 0 7 T 9 E   4
  29   337  4 2 3 1 6 5 8 7 0 9 T E   5
  30   349  2 4 1 3 5 6 7 8 9 0 E T   -
  31   361  4 2 3 1 5 7 6 9 8 E 0 T   5
  32   373  2 4 3 5 1 7 9 6 E 8 T 0   36
  33   385  2 3 4 5 7 1 6 9 8 E 0 T   4
  34   397  3 2 5 4 1 7 9 6 E 8 T 0   -
  35   409  2 3 4 5 7 1 9 E 6 T 8 0   7
  36   421  3 2 5 4 7 9 1 E T 6 0 8   58
  37   433  3 5 2 7 4 9 E 1 6 T 8 0   6
  38   445  5 3 7 2 9 4 1 E T 6 0 8   -
  39   457  3 5 2 7 4 9 E 1 T 0 6 8   9
  40   469  5 3 7 2 9 4 E T 1 0 8 6   70
  41   481  5 7 3 9 2 E 4 T 0 1 6 8   8
  42   493  7 5 9 3 E 2 T 4 1 0 8 6   -
  43   505  7 9 5 E 3 T 2 4 0 1 6 8   8
  44   517  9 7 E 5 T 3 4 2 0 6 1 8   9
  45   529  7 9 5 E 3 T 2 4 6 0 8 1   -
  46   541  7 5 9 3 E 2 T 4 0 6 1 8   8
  47   553  5 7 3 9 2 E 4 T 6 0 8 1   -
  48   565  5 3 7 2 9 4 E 6 T 8 0 1   1
  49   577  3 5 2 7 4 9 6 E 8 T 1 0   -
  50   589  3 2 5 4 7 6 9 E T 8 0 1   8
  51   601  2 3 4 5 6 7 E 9 8 T 1 0   -
  52   613  3 2 5 4 7 6 9 E 8 1 T 0   9
  53   625  3 5 2 7 4 9 6 E 1 8 0 T   8
  54   637  5 3 7 2 9 4 E 6 8 1 T 0   -
  55   649  5 7 3 9 2 E 4 6 1 8 0 T   8
  56   661  7 5 9 3 E 2 4 1 6 8 T 0   70
  57   673  5 7 3 9 2 E 1 4 6 T 8 0   9
  58   685  7 5 9 3 E 2 4 1 T 6 0 8   -
  59   697  7 9 5 E 3 2 1 4 6 T 8 0   6
  60   709  9 7 E 5 3 1 2 4 T 6 0 8   58
  61   721  7 9 5 E 1 3 2 T 4 0 6 8   7
  62   733  9 7 E 5 3 1 T 2 0 4 8 6   -
  63   745  9 E 7 5 1 3 2 T 4 0 6 8   4
  64   757  E 9 7 1 5 3 T 2 0 4 8 6   36
  65   769  9 E 1 7 5 T 3 0 2 8 4 6   5
  66   781  E 9 7 1 T 5 0 3 8 2 6 4   -
  67   793  9 E 1 7 T 0 5 8 3 6 2 4   5
  68   805  9 1 E 7 0 T 8 5 6 3 4 2   4
  69   817  1 9 7 E T 0 5 8 3 6 2 4   -
  70   829  9 1 E 7 T 5 0 3 8 2 6 4   5
  71   841  1 9 7 E 5 T 3 0 2 8 4 6   -
  72   853  1 7 9 5 E 3 T 2 0 4 8 6   1
  73   865  7 1 5 9 3 E 2 T 4 0 6 8   -
  74   877  1 7 9 5 3 2 E 4 T 6 0 8   5
  75   889  7 1 5 9 2 3 4 E 6 T 8 0   -
  76   901  7 5 1 9 3 2 E 4 T 6 0 8   4
  77   913  5 7 9 1 3 E 2 T 4 0 6 8   5
  78   925  7 5 1 9 E 3 T 2 0 4 8 6   -
  79   937  5 7 9 1 E T 3 0 2 8 4 6   5
  80   949  7 5 9 E 1 T 0 3 8 2 6 4   36
  81   961  7 9 5 E T 1 3 0 2 8 4 6   4
  82   973  9 7 E 5 1 T 0 3 8 2 6 4   -
  83   985  7 9 5 E T 1 0 8 3 6 2 4   7
  84   997  9 7 E 5 T 0 1 8 6 3 4 2   58
  85  1009  9 E 7 T 5 0 8 1 3 6 2 4   6
  86  1021  E 9 T 7 0 5 1 8 6 3 4 2   -
  87  1033  9 E 7 T 5 0 8 1 6 4 3 2   9
  88  1045  E 9 T 7 0 5 8 6 1 4 2 3   70
  89  1057  E T 9 0 7 8 5 6 4 1 3 2   8
  90  1069  T E 0 9 8 7 6 5 1 4 2 3   -
  91  1081  T 0 E 8 9 6 7 5 4 1 3 2   8
  92  1093  0 T 8 E 6 9 5 7 4 3 1 2   9
  93  1105  T 0 E 8 9 6 7 5 3 4 2 1   -
  94  1117  T E 0 9 8 7 6 5 4 3 1 2   8
  95  1129  E T 9 0 7 8 5 6 3 4 2 1   -
  96  1141  E 9 T 7 0 5 8 3 6 2 4 1   1
  97  1153  9 E 7 T 5 0 3 8 2 6 1 4   -
  98  1165  9 7 E 5 T 3 0 8 6 2 4 1   8
  99  1177  7 9 5 E 3 T 8 0 2 6 1 4   -
 100  1189  9 7 E 5 T 3 0 8 2 1 6 4   9
 101  1201  9 E 7 T 5 0 3 8 1 2 4 6   8
 102  1213  E 9 T 7 0 5 8 3 2 1 6 4   -
 103  1225  E T 9 0 7 8 5 3 1 2 4 6   8
 104  1237  T E 0 9 8 7 5 1 3 2 6 4   70
 105  1249  E T 9 0 7 8 1 5 3 6 2 4   9
 106  1261  T E 0 9 8 7 5 1 6 3 4 2   -
 107  1273  T 0 E 8 9 7 1 5 3 6 2 4   6
 108  1285  0 T 8 E 9 1 7 5 6 3 4 2   58
 109  1297  T 0 E 8 1 9 7 6 5 4 3 2   7
 110  1309  0 T 8 E 9 1 6 7 4 5 2 3   -
 111  1321  0 8 T E 1 9 7 6 5 4 3 2   4
 112  1333  8 0 T 1 E 9 6 7 4 5 2 3   36
 113  1345  0 8 1 T E 6 9 4 7 2 5 3   5
 114  1357  8 0 T 1 6 E 4 9 2 7 3 5   -
 115  1369  0 8 1 T 6 4 E 2 9 3 7 5   5
 116  1381  0 1 8 T 4 6 2 E 3 9 5 7   4
 117  1393  1 0 T 8 6 4 E 2 9 3 7 5   -
 118  1405  0 1 8 T 6 E 4 9 2 7 3 5   5
 119  1417  1 0 T 8 E 6 9 4 7 2 5 3   -
 120  1429  1 T 0 E 8 9 6 7 4 5 2 3   1
 121  1441  T 1 E 0 9 8 7 6 5 4 3 2   -
 122  1453  1 T 0 E 9 7 8 5 6 3 4 2   5
 123  1465  T 1 E 0 7 9 5 8 3 6 2 4   -
 124  1477  T E 1 0 9 7 8 5 6 3 4 2   4
 125  1489  E T 0 1 9 8 7 6 5 4 3 2   5
 126  1501  T E 1 0 8 9 6 7 4 5 2 3   -
 127  1513  E T 0 1 8 6 9 4 7 2 5 3   5
 128  1525  T E 0 8 1 6 4 9 2 7 3 5   36
 129  1537  T 0 E 8 6 1 9 4 7 2 5 3   4
 130  1549  0 T 8 E 1 6 4 9 2 7 3 5   -
 131  1561  T 0 E 8 6 1 4 2 9 3 7 5   7
 132  1573  0 T 8 E 6 4 1 2 3 9 5 7   58
 133  1585  0 8 T 6 E 4 2 1 9 3 7 5   6
 134  1597  8 0 6 T 4 E 1 2 3 9 5 7   -
 135  1609  0 8 T 6 E 4 2 1 3 5 9 7   9
 136  1621  8 0 6 T 4 E 2 3 1 5 7 9   70
 137  1633  8 6 0 4 T 2 E 3 5 1 9 7   8
 138  1645  6 8 4 0 2 T 3 E 1 5 7 9   -
 139  1657  6 4 8 2 0 3 T E 5 1 9 7   8
 140  1669  4 6 2 8 3 0 E T 5 9 1 7   9
 141  1681  6 4 8 2 0 3 T E 9 5 7 1   -
 142  1693  6 8 4 0 2 T 3 E 5 9 1 7   8
 143  1705  8 6 0 4 T 2 E 3 9 5 7 1   -
 144  1717  8 0 6 T 4 E 2 9 3 7 5 1   1
 145  1729  0 8 T 6 E 4 9 2 7 3 1 5   -
 146  1741  0 T 8 E 6 9 4 2 3 7 5 1   8
 147  1753  T 0 E 8 9 6 2 4 7 3 1 5   -
 148  1765  0 T 8 E 6 9 4 2 7 1 3 5   9
 149  1777  0 8 T 6 E 4 9 2 1 7 5 3   8
 150  1789  8 0 6 T 4 E 2 9 7 1 3 5   -
 151  1801  8 6 0 4 T 2 E 9 1 7 5 3   8
 152  1813  6 8 4 0 2 T E 1 9 7 3 5   70
 153  1825  8 6 0 4 T 2 1 E 9 3 7 5   9
 154  1837  6 8 4 0 2 T E 1 3 9 5 7   -
 155  1849  6 4 8 2 0 T 1 E 9 3 7 5   6
 156  1861  4 6 2 8 0 1 T E 3 9 5 7   58
 157  1873  6 4 8 2 1 0 T 3 E 5 9 7   7
 158  1885  4 6 2 8 0 1 3 T 5 E 7 9   -
 159  1897  4 2 6 8 1 0 T 3 E 5 9 7   4
 160  1909  2 4 6 1 8 0 3 T 5 E 7 9   36
 161  1921  4 2 1 6 8 3 0 5 T 7 E 9   5
 162  1933  2 4 6 1 3 8 5 0 7 T 9 E   -
 163  1945  4 2 1 6 3 5 8 7 0 9 T E   5
 164  1957  4 1 2 6 5 3 7 8 9 0 E T   4
 165  1969  1 4 6 2 3 5 8 7 0 9 T E   -
 166  1981  4 1 2 6 3 8 5 0 7 T 9 E   5
 167  1993  1 4 6 2 8 3 0 5 T 7 E 9   -
 168  2005  1 6 4 8 2 0 3 T 5 E 7 9   1
 169  2017  6 1 8 4 0 2 T 3 E 5 9 7   -
 170  2029  1 6 4 8 0 T 2 E 3 9 5 7   5
 171  2041  6 1 8 4 T 0 E 2 9 3 7 5   -
 172  2053  6 8 1 4 0 T 2 E 3 9 5 7   4
 173  2065  8 6 4 1 0 2 T 3 E 5 9 7   5
 174  2077  6 8 1 4 2 0 3 T 5 E 7 9   -
 175  2089  8 6 4 1 2 3 0 5 T 7 E 9   5
 176  2101  6 8 4 2 1 3 5 0 7 T 9 E   36
 177  2113  6 4 8 2 3 1 0 5 T 7 E 9   4
 178  2125  4 6 2 8 1 3 5 0 7 T 9 E   -
 179  2137  6 4 8 2 3 1 5 7 0 9 T E   7
 180  2149  4 6 2 8 3 5 1 7 9 0 E T   58
 181  2161  4 2 6 3 8 5 7 1 0 9 T E   6
 182  2173  2 4 3 6 5 8 1 7 9 0 E T   -
 183  2185  4 2 6 3 8 5 7 1 9 E 0 T   9
 184  2197  2 4 3 6 5 8 7 9 1 E T 0   70
 185  2209  2 3 4 5 6 7 8 9 E 1 0 T   8
 186  2221  3 2 5 4 7 6 9 8 1 E T 0   -
 187  2233  3 5 2 7 4 9 6 8 E 1 0 T   8
 188  2245  5 3 7 2 9 4 8 6 E 0 1 T   9
 189  2257  3 5 2 7 4 9 6 8 0 E T 1   -
 190  2269  3 2 5 4 7 6 9 8 E 0 1 T   8
 191  2281  2 3 4 5 6 7 8 9 0 E T 1   -
 192  2293  2 4 3 6 5 8 7 0 9 T E 1   1
 193  2305  4 2 6 3 8 5 0 7 T 9 1 E   -
 194  2317  4 6 2 8 3 0 5 7 9 T E 1   8
 195  2329  6 4 8 2 0 3 7 5 T 9 1 E   -
 196  2341  4 6 2 8 3 0 5 7 T 1 9 E   9
 197  2353  4 2 6 3 8 5 0 7 1 T E 9   8
 198  2365  2 4 3 6 5 8 7 0 T 1 9 E   -
 199  2377  2 3 4 5 6 7 8 0 1 T E 9   8
 200  2389  3 2 5 4 7 6 8 1 0 T 9 E   70
 201  2401  2 3 4 5 6 7 1 8 0 9 T E   9
 202  2413  3 2 5 4 7 6 8 1 9 0 E T   -
 203  2425  3 5 2 7 4 6 1 8 0 9 T E   6
 204  2437  5 3 7 2 4 1 6 8 9 0 E T   58
 205  2449  3 5 2 7 1 4 6 9 8 E 0 T   7
 206  2461  5 3 7 2 4 1 9 6 E 8 T 0   -
 207  2473  5 7 3 2 1 4 6 9 8 E 0 T   4
 208  2485  7 5 3 1 2 4 9 6 E 8 T 0   36
 209  2497  5 7 1 3 2 9 4 E 6 T 8 0   5
 210  2509  7 5 3 1 9 2 E 4 T 6 0 8   -
 211  2521  5 7 1 3 9 E 2 T 4 0 6 8   5
 212  2533  5 1 7 3 E 9 T 2 0 4 8 6   4
 213  2545  1 5 3 7 9 E 2 T 4 0 6 8   -
 214  2557  5 1 7 3 9 2 E 4 T 6 0 8   5
 215  2569  1 5 3 7 2 9 4 E 6 T 8 0   -
 216  2581  1 3 5 2 7 4 9 6 E 8 T 0   1
 217  2593  3 1 2 5 4 7 6 9 8 E 0 T   -
 218  2605  1 3 5 2 4 6 7 8 9 0 E T   5
 219  2617  3 1 2 5 6 4 8 7 0 9 T E   -
 220  2629  3 2 1 5 4 6 7 8 9 0 E T   4
 221  2641  2 3 5 1 4 7 6 9 8 E 0 T   5
 222  2653  3 2 1 5 7 4 9 6 E 8 T 0   -
 223  2665  2 3 5 1 7 9 4 E 6 T 8 0   5
 224  2677  3 2 5 7 1 9 E 4 T 6 0 8   36
 225  2689  3 5 2 7 9 1 4 E 6 T 8 0   4
 226  2701  5 3 7 2 1 9 E 4 T 6 0 8   -
 227  2713  3 5 2 7 9 1 E T 4 0 6 8   7
 228  2725  5 3 7 2 9 E 1 T 0 4 8 6   58
 229  2737  5 7 3 9 2 E T 1 4 0 6 8   6
 230  2749  7 5 9 3 E 2 1 T 0 4 8 6   -
 231  2761  5 7 3 9 2 E T 1 0 8 4 6   9
 232  2773  7 5 9 3 E 2 T 0 1 8 6 4   70
 233  2785  7 9 5 E 3 T 2 0 8 1 4 6   8
 234  2797  9 7 E 5 T 3 0 2 1 8 6 4   -
 235  2809  9 E 7 T 5 0 3 2 8 1 4 6   8
 236  2821  E 9 T 7 0 5 2 3 8 4 1 6   9
 237  2833  9 E 7 T 5 0 3 2 4 8 6 1   -
 238  2845  9 7 E 5 T 3 0 2 8 4 1 6   8
 239  2857  7 9 5 E 3 T 2 0 4 8 6 1   -
 240  2869  7 5 9 3 E 2 T 4 0 6 8 1   1
 241  2881  5 7 3 9 2 E 4 T 6 0 1 8   -
 242  2893  5 3 7 2 9 4 E T 0 6 8 1   8
 243  2905  3 5 2 7 4 9 T E 6 0 1 8   -
 244  2917  5 3 7 2 9 4 E T 6 1 0 8   9
 245  2929  5 7 3 9 2 E 4 T 1 6 8 0   8
 246  2941  7 5 9 3 E 2 T 4 6 1 0 8   -
 247  2953  7 9 5 E 3 T 2 4 1 6 8 0   8
 248  2965  9 7 E 5 T 3 2 1 4 6 0 8   70
 249  2977  7 9 5 E 3 T 1 2 4 0 6 8   9
 250  2989  9 7 E 5 T 3 2 1 0 4 8 6   -
 251  3001  9 E 7 T 5 3 1 2 4 0 6 8   6
 252  3013  E 9 T 7 5 1 3 2 0 4 8 6   58
 253  3025  9 E 7 T 1 5 3 0 2 8 4 6   7
 254  3037  E 9 T 7 5 1 0 3 8 2 6 4   -
 255  3049  E T 9 7 1 5 3 0 2 8 4 6   4
 256  3061  T E 9 1 7 5 0 3 8 2 6 4   36
 257  3073  E T 1 9 7 0 5 8 3 6 2 4   5
 258  3085  T E 9 1 0 7 8 5 6 3 4 2   -
 259  3097  E T 1 9 0 8 7 6 5 4 3 2   5
 260  3109  E 1 T 9 8 0 6 7 4 5 2 3   4
 261  3121  1 E 9 T 0 8 7 6 5 4 3 2   -
 262  3133  E 1 T 9 0 7 8 5 6 3 4 2   5
 263  3145  1 E 9 T 7 0 5 8 3 6 2 4   -
 264  3157  1 9 E 7 T 5 0 3 8 2 6 4   1
 265  3169  9 1 7 E 5 T 3 0 2 8 4 6   -
 266  3181  1 9 E 7 5 3 T 2 0 4 8 6   5
 267  3193  9 1 7 E 3 5 2 T 4 0 6 8   -
 268  3205  9 7 1 E 5 3 T 2 0 4 8 6   4
 269  3217  7 9 E 1 5 T 3 0 2 8 4 6   5
 270  3229  9 7 1 E T 5 0 3 8 2 6 4   -
 271  3241  7 9 E 1 T 0 5 8 3 6 2 4   5
 272  3253  9 7 E T 1 0 8 5 6 3 4 2   36
 273  3265  9 E 7 T 0 1 5 8 3 6 2 4   4
 274  3277  E 9 T 7 1 0 8 5 6 3 4 2   -
 275  3289  9 E 7 T 0 1 8 6 5 4 3 2   7
 276  3301  E 9 T 7 0 8 1 6 4 5 2 3   58
 277  3313  E T 9 0 7 8 6 1 5 4 3 2   6
 278  3325  T E 0 9 8 7 1 6 4 5 2 3   -
 279  3337  E T 9 0 7 8 6 1 4 2 5 3   9
 280  3349  T E 0 9 8 7 6 4 1 2 3 5   70
 281  3361  T 0 E 8 9 6 7 4 2 1 5 3   8
 282  3373  0 T 8 E 6 9 4 7 1 2 3 5   -
 283  3385  0 8 T 6 E 4 9 7 2 1 5 3   8
 284  3397  8 0 6 T 4 E 7 9 2 5 1 3   9
 285  3409  0 8 T 6 E 4 9 7 5 2 3 1   -
 286  3421  0 T 8 E 6 9 4 7 2 5 1 3   8
 287  3433  T 0 E 8 9 6 7 4 5 2 3 1   -
 288  3445  T E 0 9 8 7 6 5 4 3 2 1   1
 289  3457  E T 9 0 7 8 5 6 3 4 1 2   -
 290  3469  E 9 T 7 0 5 8 3 6 1 4 2   1
 291  3481  9 E 7 T 5 0 3 8 1 6 2 4   -
 292  3493  9 7 E 5 T 3 0 1 8 2 6 4   1
 293  3505  7 9 5 E 3 T 1 0 2 8 4 6   -
 294  3517  7 5 9 3 E 1 T 2 0 4 8 6   1
 295  3529  5 7 3 9 1 E 2 T 4 0 6 8   -
 296  3541  5 3 7 1 9 2 E 4 T 6 0 8   1
 297  3553  3 5 1 7 2 9 4 E 6 T 8 0   -
 298  3565  3 1 5 2 7 4 9 6 E 8 T 0   1
 299  3577  1 3 2 5 4 7 6 9 8 E 0 T   -
 300  3589  1 2 3 4 5 6 7 8 9 0 E T   1
 301  3601  1 2 3 4 5 6 7 8 9 0 E T   =
 302  3613  1 2 3 4 5 6 7 8 9 0 E T   =
