   1     1  1 2 3 4 5 6 7 8 9 0 E T   
   2    13  1 2 3 4 5 6 7 8 9 0 E T   =
   3    25  1 2 3 4 5 6 7 8 9 0 E T   =
   4    37  1 2 3 4 5 6 7 8 9 0 E T   =
   5    49  1 2 3 4 5 6 7 8 9 0 E T   =
   6    61  1 2 3 4 5 6 7 8 9 0 E T   =
   7    73  1 2 3 4 5 6 7 8 9 0 E T   =
   8    85  1 2 3 4 5 6 7 8 9 0 E T   =
   9    97  1 2 3 4 5 6 7 8 9 0 E T   =
  10   109  1 2 3 4 5 6 7 8 9 0 E T   =
  11   121  1 2 3 4 5 6 7 8 9 0 E T   =
  12   133  1 2 3 4 5 6 7 8 9 0 E T   =
  13   145  1 2 3 4 5 6 7 8 9 0 E T   =
  14   157  1 2 3 4 5 6 7 8 9 0 E T   =
  15   169  1 2 3 4 5 6 7 8 9 0 E T   =
  16   181  1 2 3 4 5 6 7 8 9 0 E T   =
  17   193  1 2 3 4 5 6 7 8 9 0 E T   =
  18   205  1 2 3 4 5 6 7 8 9 0 E T   =
  19   217  1 2 3 4 5 6 7 8 9 0 E T   =
  20   229  1 2 3 4 5 6 7 8 9 0 E T   =
  21   241  1 2 3 4 5 6 7 8 9 0 E T   =
  22   253  1 2 3 4 5 6 7 8 9 0 E T   =
  23   265  1 2 3 4 5 6 7 8 9 0 E T   =
  24   277  1 2 3 4 5 6 7 8 9 0 E T   =
  25   289  1 2 3 4 5 6 7 8 9 0 E T   =
  26   301  1 2 3 4 5 6 7 8 9 0 E T   =
  27   313  1 2 3 4 5 6 7 8 9 0 E T   =
  28   325  1 2 3 4 5 6 7 8 9 0 E T   =
  29   337  2 1 4 3 6 5 8 7 0 9 T E   -
  30   349  1 2 4 6 3 8 5 0 7 T 9 E   3
  31   361  2 1 6 4 8 3 0 5 T 7 E 9   -
  32   373  2 6 1 4 3 8 5 0 7 T 9 E   4
  33   385  6 2 4 1 8 3 0 5 T 7 E 9   -
  34   397  6 2 1 4 8 0 3 T 5 E 7 9   25
  35   409  2 6 4 1 0 8 T 3 E 5 9 7   -
  36   421  6 2 4 0 1 8 3 T 5 E 7 9   36
  37   433  2 6 0 4 8 1 T 3 E 5 9 7   -
  38   445  2 0 6 4 1 8 T E 3 9 5 7   47
  39   457  0 2 4 6 8 1 E T 9 3 7 5   -
  40   469  2 0 6 4 8 E 1 T 3 9 5 7   58
  41   481  0 2 4 6 E 8 T 1 9 3 7 5   -
  42   493  0 4 2 E 6 8 1 T 9 7 3 5   69
  43   505  4 0 E 2 8 6 T 1 7 9 5 3   -
  44   517  0 4 2 E 6 8 T 7 1 9 3 5   70
  45   529  4 0 E 2 8 6 7 T 9 1 5 3   -
  46   541  4 E 0 8 2 7 6 T 1 9 3 5   8
  47   553  E 4 8 0 7 2 T 6 9 1 5 3   -
  48   565  4 E 0 8 2 7 6 T 9 5 1 3   9
  49   577  E 4 8 0 7 2 T 6 5 9 3 1   -
  50   589  E 8 4 7 0 T 2 5 6 9 1 3   0
  51   601  8 E 7 4 T 0 5 2 9 6 3 1   -
  52   613  E 8 4 7 0 T 2 5 6 9 3 1   E
  53   625  8 E 7 4 T 0 5 2 9 6 1 3   -
  54   637  8 7 E T 4 5 0 9 2 6 3 1   0
  55   649  7 8 T E 5 4 9 0 6 2 1 3   -
  56   661  8 7 E T 4 5 0 9 6 1 2 3   9
  57   673  7 8 T E 5 4 9 0 1 6 3 2   -
  58   685  7 T 8 5 E 9 4 0 6 1 2 3   8
  59   697  T 7 5 8 9 E 0 4 1 6 3 2   -
  60   709  7 T 8 5 E 9 0 1 4 6 2 3   70
  61   721  T 7 5 8 9 E 1 0 6 4 3 2   -
  62   733  T 5 7 9 8 E 0 1 6 3 4 2   69
  63   745  5 T 9 7 E 8 1 0 3 6 2 4   -
  64   757  T 5 7 9 E 1 8 0 6 3 4 2   58
  65   769  5 T 9 7 1 E 0 8 3 6 2 4   -
  66   781  5 9 T 7 E 1 0 3 8 2 6 4   47
  67   793  9 5 7 T 1 E 3 0 2 8 4 6   -
  68   805  5 9 7 1 T E 0 3 8 2 6 4   36
  69   817  9 5 1 7 E T 3 0 2 8 4 6   -
  70   829  9 5 7 1 E 3 T 2 0 4 8 6   25
  71   841  5 9 1 7 3 E 2 T 4 0 6 8   -
  72   853  5 1 9 7 E 3 T 2 0 4 8 6   4
  73   865  1 5 7 9 3 E 2 T 4 0 6 8   -
  74   877  5 1 7 3 9 2 E 4 T 6 0 8   3
  75   889  1 5 3 7 2 9 4 E 6 T 8 0   -
  76   901  1 5 7 3 9 2 E 4 T 6 0 8   2
  77   913  5 1 3 7 2 9 4 E 6 T 8 0   -
  78   925  1 5 3 2 7 4 9 6 E 8 T 0   3
  79   937  5 1 2 3 4 7 6 9 8 E 0 T   -
  80   949  5 2 1 3 7 4 9 6 E 8 T 0   4
  81   961  2 5 3 1 4 7 6 9 8 E 0 T   -
  82   973  2 5 1 3 4 6 7 8 9 0 E T   25
  83   985  5 2 3 1 6 4 8 7 0 9 T E   -
  84   997  2 5 3 6 1 4 7 8 9 0 E T   36
  85  1009  5 2 6 3 4 1 8 7 0 9 T E   -
  86  1021  5 6 2 3 1 4 8 0 7 T 9 E   47
  87  1033  6 5 3 2 4 1 0 8 T 7 E 9   -
  88  1045  5 6 2 3 4 0 1 8 7 T 9 E   58
  89  1057  6 5 3 2 0 4 8 1 T 7 E 9   -
  90  1069  6 3 5 0 2 4 1 8 T E 7 9   69
  91  1081  3 6 0 5 4 2 8 1 E T 9 7   -
  92  1093  6 3 5 0 2 4 8 E 1 T 7 9   70
  93  1105  3 6 0 5 4 2 E 8 T 1 9 7   -
  94  1117  3 0 6 4 5 E 2 8 1 T 7 9   8
  95  1129  0 3 4 6 E 5 8 2 T 1 9 7   -
  96  1141  3 0 6 4 5 E 2 8 T 9 1 7   9
  97  1153  0 3 4 6 E 5 8 2 9 T 7 1   -
  98  1165  0 4 3 E 6 8 5 9 2 T 1 7   0
  99  1177  4 0 E 3 8 6 9 5 T 2 7 1   -
 100  1189  0 4 3 E 6 8 5 9 2 T 7 1   E
 101  1201  4 0 E 3 8 6 9 5 T 2 1 7   -
 102  1213  4 E 0 8 3 9 6 T 5 2 7 1   0
 103  1225  E 4 8 0 9 3 T 6 2 5 1 7   -
 104  1237  4 E 0 8 3 9 6 T 2 1 5 7   9
 105  1249  E 4 8 0 9 3 T 6 1 2 7 5   -
 106  1261  E 8 4 9 0 T 3 6 2 1 5 7   8
 107  1273  8 E 9 4 T 0 6 3 1 2 7 5   -
 108  1285  E 8 4 9 0 T 6 1 3 2 5 7   70
 109  1297  8 E 9 4 T 0 1 6 2 3 7 5   -
 110  1309  8 9 E T 4 0 6 1 2 7 3 5   69
 111  1321  9 8 T E 0 4 1 6 7 2 5 3   -
 112  1333  8 9 E T 0 1 4 6 2 7 3 5   58
 113  1345  9 8 T E 1 0 6 4 7 2 5 3   -
 114  1357  9 T 8 E 0 1 6 7 4 5 2 3   47
 115  1369  T 9 E 8 1 0 7 6 5 4 3 2   -
 116  1381  9 T E 1 8 0 6 7 4 5 2 3   36
 117  1393  T 9 1 E 0 8 7 6 5 4 3 2   -
 118  1405  T 9 E 1 0 7 8 5 6 3 4 2   25
 119  1417  9 T 1 E 7 0 5 8 3 6 2 4   -
 120  1429  9 1 T E 0 7 8 5 6 3 4 2   4
 121  1441  1 9 E T 7 0 5 8 3 6 2 4   -
 122  1453  9 1 E 7 T 5 0 3 8 2 6 4   3
 123  1465  1 9 7 E 5 T 3 0 2 8 4 6   -
 124  1477  1 9 E 7 T 5 0 3 8 2 6 4   2
 125  1489  9 1 7 E 5 T 3 0 2 8 4 6   -
 126  1501  1 9 7 5 E 3 T 2 0 4 8 6   3
 127  1513  9 1 5 7 3 E 2 T 4 0 6 8   -
 128  1525  9 5 1 7 E 3 T 2 0 4 8 6   4
 129  1537  5 9 7 1 3 E 2 T 4 0 6 8   -
 130  1549  5 9 1 7 3 2 E 4 T 6 0 8   25
 131  1561  9 5 7 1 2 3 4 E 6 T 8 0   -
 132  1573  5 9 7 2 1 3 E 4 T 6 0 8   36
 133  1585  9 5 2 7 3 1 4 E 6 T 8 0   -
 134  1597  9 2 5 7 1 3 4 6 E 8 T 0   47
 135  1609  2 9 7 5 3 1 6 4 8 E 0 T   -
 136  1621  9 2 5 7 3 6 1 4 E 8 T 0   58
 137  1633  2 9 7 5 6 3 4 1 8 E 0 T   -
 138  1645  2 7 9 6 5 3 1 4 8 0 E T   69
 139  1657  7 2 6 9 3 5 4 1 0 8 T E   -
 140  1669  2 7 9 6 5 3 4 0 1 8 E T   70
 141  1681  7 2 6 9 3 5 0 4 8 1 T E   -
 142  1693  7 6 2 3 9 0 5 4 1 8 E T   8
 143  1705  6 7 3 2 0 9 4 5 8 1 T E   -
 144  1717  7 6 2 3 9 0 5 4 8 T 1 E   9
 145  1729  6 7 3 2 0 9 4 5 T 8 E 1   -
 146  1741  6 3 7 0 2 4 9 T 5 8 1 E   0
 147  1753  3 6 0 7 4 2 T 9 8 5 E 1   -
 148  1765  6 3 7 0 2 4 9 T 5 8 E 1   E
 149  1777  3 6 0 7 4 2 T 9 8 5 1 E   -
 150  1789  3 0 6 4 7 T 2 8 9 5 E 1   0
 151  1801  0 3 4 6 T 7 8 2 5 9 1 E   -
 152  1813  3 0 6 4 7 T 2 8 5 1 9 E   9
 153  1825  0 3 4 6 T 7 8 2 1 5 E 9   -
 154  1837  0 4 3 T 6 8 7 2 5 1 9 E   8
 155  1849  4 0 T 3 8 6 2 7 1 5 E 9   -
 156  1861  0 4 3 T 6 8 2 1 7 5 9 E   70
 157  1873  4 0 T 3 8 6 1 2 5 7 E 9   -
 158  1885  4 T 0 8 3 6 2 1 5 E 7 9   69
 159  1897  T 4 8 0 6 3 1 2 E 5 9 7   -
 160  1909  4 T 0 8 6 1 3 2 5 E 7 9   58
 161  1921  T 4 8 0 1 6 2 3 E 5 9 7   -
 162  1933  T 8 4 0 6 1 2 E 3 9 5 7   47
 163  1945  8 T 0 4 1 6 E 2 9 3 7 5   -
 164  1957  T 8 0 1 4 6 2 E 3 9 5 7   36
 165  1969  8 T 1 0 6 4 E 2 9 3 7 5   -
 166  1981  8 T 0 1 6 E 4 9 2 7 3 5   25
 167  1993  T 8 1 0 E 6 9 4 7 2 5 3   -
 168  2005  T 1 8 0 6 E 4 9 2 7 3 5   4
 169  2017  1 T 0 8 E 6 9 4 7 2 5 3   -
 170  2029  T 1 0 E 8 9 6 7 4 5 2 3   3
 171  2041  1 T E 0 9 8 7 6 5 4 3 2   -
 172  2053  1 T 0 E 8 9 6 7 4 5 2 3   2
 173  2065  T 1 E 0 9 8 7 6 5 4 3 2   -
 174  2077  1 T E 9 0 7 8 5 6 3 4 2   3
 175  2089  T 1 9 E 7 0 5 8 3 6 2 4   -
 176  2101  T 9 1 E 0 7 8 5 6 3 4 2   4
 177  2113  9 T E 1 7 0 5 8 3 6 2 4   -
 178  2125  9 T 1 E 7 5 0 3 8 2 6 4   25
 179  2137  T 9 E 1 5 7 3 0 2 8 4 6   -
 180  2149  9 T E 5 1 7 0 3 8 2 6 4   36
 181  2161  T 9 5 E 7 1 3 0 2 8 4 6   -
 182  2173  T 5 9 E 1 7 3 2 0 4 8 6   47
 183  2185  5 T E 9 7 1 2 3 4 0 6 8   -
 184  2197  T 5 9 E 7 2 1 3 0 4 8 6   58
 185  2209  5 T E 9 2 7 3 1 4 0 6 8   -
 186  2221  5 E T 2 9 7 1 3 4 6 0 8   69
 187  2233  E 5 2 T 7 9 3 1 6 4 8 0   -
 188  2245  5 E T 2 9 7 3 6 1 4 0 8   70
 189  2257  E 5 2 T 7 9 6 3 4 1 8 0   -
 190  2269  E 2 5 7 T 6 9 3 1 4 0 8   8
 191  2281  2 E 7 5 6 T 3 9 4 1 8 0   -
 192  2293  E 2 5 7 T 6 9 3 4 8 1 0   9
 193  2305  2 E 7 5 6 T 3 9 8 4 0 1   -
 194  2317  2 7 E 6 5 3 T 8 9 4 1 0   0
 195  2329  7 2 6 E 3 5 8 T 4 9 0 1   -
 196  2341  2 7 E 6 5 3 T 8 9 4 0 1   E
 197  2353  7 2 6 E 3 5 8 T 4 9 1 0   -
 198  2365  7 6 2 3 E 8 5 4 T 9 0 1   0
 199  2377  6 7 3 2 8 E 4 5 9 T 1 0   -
 200  2389  7 6 2 3 E 8 5 4 9 1 T 0   9
 201  2401  6 7 3 2 8 E 4 5 1 9 0 T   -
 202  2413  6 3 7 8 2 4 E 5 9 1 T 0   8
 203  2425  3 6 8 7 4 2 5 E 1 9 0 T   -
 204  2437  6 3 7 8 2 4 5 1 E 9 T 0   70
 205  2449  3 6 8 7 4 2 1 5 9 E 0 T   -
 206  2461  3 8 6 4 7 2 5 1 9 0 E T   69
 207  2473  8 3 4 6 2 7 1 5 0 9 T E   -
 208  2485  3 8 6 4 2 1 7 5 9 0 E T   58
 209  2497  8 3 4 6 1 2 5 7 0 9 T E   -
 210  2509  8 4 3 6 2 1 5 0 7 T 9 E   47
 211  2521  4 8 6 3 1 2 0 5 T 7 E 9   -
 212  2533  8 4 6 1 3 2 5 0 7 T 9 E   36
 213  2545  4 8 1 6 2 3 0 5 T 7 E 9   -
 214  2557  4 8 6 1 2 0 3 T 5 E 7 9   25
 215  2569  8 4 1 6 0 2 T 3 E 5 9 7   -
 216  2581  8 1 4 6 2 0 3 T 5 E 7 9   4
 217  2593  1 8 6 4 0 2 T 3 E 5 9 7   -
 218  2605  8 1 6 0 4 T 2 E 3 9 5 7   3
 219  2617  1 8 0 6 T 4 E 2 9 3 7 5   -
 220  2629  1 8 6 0 4 T 2 E 3 9 5 7   2
 221  2641  8 1 0 6 T 4 E 2 9 3 7 5   -
 222  2653  1 8 0 T 6 E 4 9 2 7 3 5   3
 223  2665  8 1 T 0 E 6 9 4 7 2 5 3   -
 224  2677  8 T 1 0 6 E 4 9 2 7 3 5   4
 225  2689  T 8 0 1 E 6 9 4 7 2 5 3   -
 226  2701  T 8 1 0 E 9 6 7 4 5 2 3   25
 227  2713  8 T 0 1 9 E 7 6 5 4 3 2   -
 228  2725  T 8 0 9 1 E 6 7 4 5 2 3   36
 229  2737  8 T 9 0 E 1 7 6 5 4 3 2   -
 230  2749  8 9 T 0 1 E 7 5 6 3 4 2   47
 231  2761  9 8 0 T E 1 5 7 3 6 2 4   -
 232  2773  8 9 T 0 E 5 1 7 6 3 4 2   58
 233  2785  9 8 0 T 5 E 7 1 3 6 2 4   -
 234  2797  9 0 8 5 T E 1 7 3 2 6 4   69
 235  2809  0 9 5 8 E T 7 1 2 3 4 6   -
 236  2821  9 0 8 5 T E 7 2 1 3 6 4   70
 237  2833  0 9 5 8 E T 2 7 3 1 4 6   -
 238  2845  0 5 9 E 8 2 T 7 1 3 6 4   8
 239  2857  5 0 E 9 2 8 7 T 3 1 4 6   -
 240  2869  0 5 9 E 8 2 T 7 3 4 1 6   9
 241  2881  5 0 E 9 2 8 7 T 4 3 6 1   -
 242  2893  5 E 0 2 9 7 8 4 T 3 1 6   0
 243  2905  E 5 2 0 7 9 4 8 3 T 6 1   -
 244  2917  5 E 0 2 9 7 8 4 T 3 6 1   E
 245  2929  E 5 2 0 7 9 4 8 3 T 1 6   -
 246  2941  E 2 5 7 0 4 9 3 8 T 6 1   0
 247  2953  2 E 7 5 4 0 3 9 T 8 1 6   -
 248  2965  E 2 5 7 0 4 9 3 T 1 8 6   9
 249  2977  2 E 7 5 4 0 3 9 1 T 6 8   -
 250  2989  2 7 E 4 5 3 0 9 T 1 8 6   8
 251  3001  7 2 4 E 3 5 9 0 1 T 6 8   -
 252  3013  2 7 E 4 5 3 9 1 0 T 8 6   70
 253  3025  7 2 4 E 3 5 1 9 T 0 6 8   -
 254  3037  7 4 2 3 E 5 9 1 T 6 0 8   69
 255  3049  4 7 3 2 5 E 1 9 6 T 8 0   -
 256  3061  7 4 2 3 5 1 E 9 T 6 0 8   58
 257  3073  4 7 3 2 1 5 9 E 6 T 8 0   -
 258  3085  4 3 7 2 5 1 9 6 E 8 T 0   47
 259  3097  3 4 2 7 1 5 6 9 8 E 0 T   -
 260  3109  4 3 2 1 7 5 9 6 E 8 T 0   36
 261  3121  3 4 1 2 5 7 6 9 8 E 0 T   -
 262  3133  3 4 2 1 5 6 7 8 9 0 E T   25
 263  3145  4 3 1 2 6 5 8 7 0 9 T E   -
 264  3157  4 1 3 2 5 6 7 8 9 0 E T   4
 265  3169  1 4 2 3 6 5 8 7 0 9 T E   -
 266  3181  4 1 2 6 3 8 5 0 7 T 9 E   3
 267  3193  1 4 6 2 8 3 0 5 T 7 E 9   -
 268  3205  1 4 2 6 3 8 5 0 7 T 9 E   2
 269  3217  4 1 6 2 8 3 0 5 T 7 E 9   -
 270  3229  1 4 6 8 2 0 3 T 5 E 7 9   3
 271  3241  4 1 8 6 0 2 T 3 E 5 9 7   -
 272  3253  4 8 1 6 2 0 3 T 5 E 7 9   4
 273  3265  8 4 6 1 0 2 T 3 E 5 9 7   -
 274  3277  8 4 1 6 0 T 2 E 3 9 5 7   25
 275  3289  4 8 6 1 T 0 E 2 9 3 7 5   -
 276  3301  8 4 6 T 1 0 2 E 3 9 5 7   36
 277  3313  4 8 T 6 0 1 E 2 9 3 7 5   -
 278  3325  4 T 8 6 1 0 E 9 2 7 3 5   47
 279  3337  T 4 6 8 0 1 9 E 7 2 5 3   -
 280  3349  4 T 8 6 0 9 1 E 2 7 3 5   58
 281  3361  T 4 6 8 9 0 E 1 7 2 5 3   -
 282  3373  T 6 4 9 8 0 1 E 7 5 2 3   69
 283  3385  6 T 9 4 0 8 E 1 5 7 3 2   -
 284  3397  T 6 4 9 8 0 E 5 1 7 2 3   70
 285  3409  6 T 9 4 0 8 5 E 7 1 3 2   -
 286  3421  6 9 T 0 4 5 8 E 1 7 2 3   8
 287  3433  9 6 0 T 5 4 E 8 7 1 3 2   -
 288  3445  6 9 T 0 4 5 8 E 7 3 1 2   9
 289  3457  9 6 0 T 5 4 E 8 3 7 2 1   -
 290  3469  9 0 6 5 T E 4 3 8 7 1 2   0
 291  3481  0 9 5 6 E T 3 4 7 8 2 1   -
 292  3493  9 0 6 5 T E 4 3 8 7 2 1   E
 293  3505  0 9 5 6 E T 3 4 7 8 1 2   -
 294  3517  0 5 9 E 6 3 T 7 4 8 2 1   0
 295  3529  5 0 E 9 3 6 7 T 8 4 1 2   -
 296  3541  0 5 9 E 6 3 T 7 8 1 4 2   9
 297  3553  5 0 E 9 3 6 7 T 1 8 2 4   -
 298  3565  5 E 0 3 9 7 6 T 8 1 4 2   8
 299  3577  E 5 3 0 7 9 T 6 1 8 2 4   -
 300  3589  5 E 0 3 9 7 T 1 6 8 4 2   70
 301  3601  E 5 3 0 7 9 1 T 8 6 2 4   -
 302  3613  E 3 5 7 0 9 T 1 8 2 6 4   69
 303  3625  3 E 7 5 9 0 1 T 2 8 4 6   -
 304  3637  E 3 5 7 9 1 0 T 8 2 6 4   58
 305  3649  3 E 7 5 1 9 T 0 2 8 4 6   -
 306  3661  3 7 E 5 9 1 T 2 0 4 8 6   47
 307  3673  7 3 5 E 1 9 2 T 4 0 6 8   -
 308  3685  3 7 5 1 E 9 T 2 0 4 8 6   36
 309  3697  7 3 1 5 9 E 2 T 4 0 6 8   -
 310  3709  7 3 5 1 9 2 E 4 T 6 0 8   25
 311  3721  3 7 1 5 2 9 4 E 6 T 8 0   -
 312  3733  3 1 7 5 9 2 E 4 T 6 0 8   4
 313  3745  1 3 5 7 2 9 4 E 6 T 8 0   -
 314  3757  3 1 5 2 7 4 9 6 E 8 T 0   3
 315  3769  1 3 2 5 4 7 6 9 8 E 0 T   -
 316  3781  1 2 3 4 5 6 7 8 9 0 E T   1
 317  3793  1 2 3 4 5 6 7 8 9 0 E T   =
 318  3805  1 2 3 4 5 6 7 8 9 0 E T   =
 319  3817  1 2 3 4 5 6 7 8 9 0 E T   =
 320  3829  1 2 3 4 5 6 7 8 9 0 E T   =
