   1     1  1 2 3 4 5 6 7 8 9 0 E T   
   2    13  1 2 3 4 5 6 7 8 9 0 E T   =
   3    25  1 2 3 4 5 6 7 8 9 0 E T   =
   4    37  1 2 3 4 5 6 7 8 9 0 E T   =
   5    49  1 2 3 4 5 6 7 8 9 0 E T   =
   6    61  1 2 3 4 5 6 7 8 9 0 E T   =
   7    73  1 2 3 4 5 6 7 8 9 0 E T   =
   8    85  1 2 3 4 5 6 7 8 9 0 E T   =
   9    97  1 2 3 4 5 6 7 8 9 0 E T   =
  10   109  1 2 3 4 5 6 7 8 9 0 E T   =
  11   121  1 2 3 4 5 6 7 8 9 0 E T   =
  12   133  1 2 3 4 5 6 7 8 9 0 E T   =
  13   145  1 2 3 4 5 6 7 8 9 0 E T   =
  14   157  1 2 3 4 5 6 7 8 9 0 E T   =
  15   169  1 2 3 4 5 6 7 8 9 0 E T   =
  16   181  1 2 3 4 5 6 7 8 9 0 E T   =
  17   193  2 1 4 3 6 5 8 7 0 9 T E   -
  18   205  1 2 3 4 6 8 5 0 7 T 9 E   5
  19   217  2 1 4 3 8 6 0 5 T 7 E 9   -
  20   229  2 4 1 3 6 8 5 0 7 T 9 E   14
  21   241  4 2 3 1 6 5 8 7 0 9 T E   5
  22   253  2 4 1 3 5 6 7 8 9 0 E T   -
  23   265  4 2 3 1 5 7 6 9 8 E 0 T   5
  24   277  2 4 3 5 1 7 9 6 E 8 T 0   36
  25   289  2 3 4 5 7 1 6 9 8 E 0 T   14
  26   301  3 2 5 4 1 7 9 6 E 8 T 0   -
  27   313  2 3 4 5 7 1 9 E 6 T 8 0   7
  28   325  3 2 5 4 7 9 1 E T 6 0 8   58
  29   337  3 5 2 7 4 9 E 1 6 T 8 0   16
  30   349  5 3 7 2 9 4 1 E T 6 0 8   -
  31   361  3 5 2 7 4 9 E 1 T 0 6 8   9
  32   373  5 3 7 2 9 4 E T 1 0 8 6   70
  33   385  5 7 3 9 2 E 4 T 0 1 6 8   18
  34   397  7 5 9 3 E 2 T 4 1 0 8 6   -
  35   409  7 9 5 E 3 T 2 4 0 1 6 8   18
  36   421  9 7 E 5 T 3 4 2 0 6 1 8   9
  37   433  7 9 5 E 3 T 2 4 6 0 8 1   -
  38   445  7 5 9 3 E 2 T 4 0 6 1 8   18
  39   457  5 7 3 9 2 E 4 T 6 0 8 1   -
  40   469  5 3 7 2 9 4 E 6 T 8 0 1   1
  41   481  3 5 2 7 4 9 6 E 8 T 1 0   -
  42   493  3 2 5 4 7 6 9 E T 8 0 1   18
  43   505  2 3 4 5 6 7 E 9 8 T 1 0   -
  44   517  3 2 5 4 7 6 9 E 8 1 T 0   9
  45   529  3 5 2 7 4 9 6 E 1 8 0 T   18
  46   541  5 3 7 2 9 4 E 6 8 1 T 0   -
  47   553  5 7 3 9 2 E 4 6 1 8 0 T   18
  48   565  7 5 9 3 E 2 4 1 6 8 T 0   70
  49   577  5 7 3 9 2 E 1 4 6 T 8 0   9
  50   589  7 5 9 3 E 2 4 1 T 6 0 8   -
  51   601  7 9 5 E 3 2 1 4 6 T 8 0   16
  52   613  9 7 E 5 3 1 2 T 4 6 0 8   ?
  53   625  7 9 5 E 1 3 2 T 4 0 6 8   789
  54   637  9 7 E 5 3 1 T 2 0 4 8 6   -
  55   649  9 E 7 5 1 3 2 T 4 0 6 8   14
  56   661  E 9 7 1 5 3 T 2 0 4 8 6   36
  57   673  9 E 1 7 5 T 3 0 2 8 4 6   5
  58   685  E 9 7 1 T 5 0 3 8 2 6 4   -
  59   697  9 E 1 7 T 0 5 8 3 6 2 4   5
  60   709  9 1 E 7 0 T 8 5 6 3 4 2   14
  61   721  1 9 7 E T 0 5 8 3 6 2 4   -
  62   733  9 1 E 7 T 5 0 3 8 2 6 4   5
  63   745  1 9 7 E 5 T 3 0 2 8 4 6   -
  64   757  1 7 9 5 E 3 T 2 0 4 8 6   1
  65   769  7 1 5 9 3 E 2 T 4 0 6 8   -
  66   781  1 7 9 5 3 2 E 4 T 6 0 8   5
  67   793  7 1 5 9 2 3 4 E 6 T 8 0   -
  68   805  7 5 1 9 3 2 E 4 T 6 0 8   14
  69   817  5 7 9 1 3 E 2 T 4 0 6 8   5
  70   829  7 5 1 9 E 3 T 2 0 4 8 6   -
  71   841  5 7 9 1 E T 3 0 2 8 4 6   5
  72   853  7 5 9 E 1 T 0 3 8 2 6 4   36
  73   865  7 9 5 E T 1 3 0 2 8 4 6   14
  74   877  9 7 E 5 1 T 0 3 8 2 6 4   -
  75   889  7 9 5 E T 1 0 8 3 6 2 4   7
  76   901  9 7 E 5 T 0 1 8 6 3 4 2   58
  77   913  9 E 7 T 5 0 8 1 3 6 2 4   16
  78   925  E 9 T 7 0 5 1 8 6 3 4 2   -
  79   937  9 E 7 T 5 0 8 1 6 4 3 2   9
  80   949  E 9 T 7 0 5 8 6 1 4 2 3   70
  81   961  E T 9 0 7 8 5 6 4 1 3 2   18
  82   973  T E 0 9 8 7 6 5 1 4 2 3   -
  83   985  T 0 E 8 9 6 7 5 4 1 3 2   18
  84   997  0 T 8 E 6 9 5 7 4 3 1 2   9
  85  1009  T 0 E 8 9 6 7 5 3 4 2 1   -
  86  1021  T E 0 9 8 7 6 5 4 3 1 2   18
  87  1033  E T 9 0 7 8 5 6 3 4 2 1   -
  88  1045  E 9 T 7 0 5 8 3 6 2 4 1   1
  89  1057  9 E 7 T 5 0 3 8 2 6 1 4   -
  90  1069  9 7 E 5 T 3 0 8 6 2 4 1   18
  91  1081  7 9 5 E 3 T 8 0 2 6 1 4   -
  92  1093  9 7 E 5 T 3 0 8 2 1 6 4   9
  93  1105  9 E 7 T 5 0 3 8 1 2 4 6   18
  94  1117  E 9 T 7 0 5 8 3 2 1 6 4   -
  95  1129  E T 9 0 7 8 5 3 1 2 4 6   18
  96  1141  T E 0 9 8 7 5 1 3 2 6 4   70
  97  1153  E T 9 0 7 8 1 5 3 6 2 4   9
  98  1165  T E 0 9 8 7 5 1 6 3 4 2   -
  99  1177  T 0 E 8 9 7 1 5 3 6 2 4   16
 100  1189  0 T 8 E 9 1 7 5 6 3 4 2   58
 101  1201  T 0 E 8 1 9 7 6 5 4 3 2   7
 102  1213  0 T 8 E 9 1 6 7 4 5 2 3   -
 103  1225  0 8 T E 1 9 7 6 5 4 3 2   14
 104  1237  8 0 T 1 E 9 6 7 4 5 2 3   36
 105  1249  0 8 1 T E 6 9 4 7 2 5 3   5
 106  1261  8 0 T 1 6 E 4 9 2 7 3 5   -
 107  1273  0 8 1 T 6 4 E 2 9 3 7 5   5
 108  1285  0 1 8 T 4 6 2 E 3 9 5 7   14
 109  1297  1 0 T 8 6 4 E 2 9 3 7 5   -
 110  1309  0 1 8 T 6 E 4 9 2 7 3 5   5
 111  1321  1 0 T 8 E 6 9 4 7 2 5 3   -
 112  1333  1 T 0 E 8 9 6 7 4 5 2 3   1
 113  1345  T 1 E 0 9 8 7 6 5 4 3 2   -
 114  1357  1 T 0 E 9 7 8 5 6 3 4 2   5
 115  1369  T 1 E 0 7 9 5 8 3 6 2 4   -
 116  1381  T E 1 0 9 7 8 5 6 3 4 2   14
 117  1393  E T 0 1 9 8 7 6 5 4 3 2   5
 118  1405  T E 1 0 8 9 6 7 4 5 2 3   -
 119  1417  E T 0 1 8 6 9 4 7 2 5 3   5
 120  1429  T E 0 8 1 6 4 9 2 7 3 5   36
 121  1441  T 0 E 8 6 1 9 4 7 2 5 3   14
 122  1453  0 T 8 E 1 6 4 9 2 7 3 5   -
 123  1465  T 0 E 8 6 1 4 2 9 3 7 5   7
 124  1477  0 T 8 E 6 4 1 2 3 9 5 7   58
 125  1489  0 8 T 6 E 4 2 1 9 3 7 5   16
 126  1501  8 0 6 T 4 E 1 2 3 9 5 7   -
 127  1513  0 8 T 6 E 4 2 1 3 5 9 7   9
 128  1525  8 0 6 T 4 E 2 3 1 5 7 9   70
 129  1537  8 6 0 4 T 2 E 3 5 1 9 7   18
 130  1549  6 8 4 0 2 T 3 E 1 5 7 9   -
 131  1561  6 4 8 2 0 3 T E 5 1 9 7   18
 132  1573  4 6 2 8 3 0 E T 5 9 1 7   9
 133  1585  6 4 8 2 0 3 T E 9 5 7 1   -
 134  1597  6 8 4 0 2 T 3 E 5 9 1 7   18
 135  1609  8 6 0 4 T 2 E 3 9 5 7 1   -
 136  1621  8 0 6 T 4 E 2 9 3 7 5 1   1
 137  1633  0 8 T 6 E 4 9 2 7 3 1 5   -
 138  1645  0 T 8 E 6 9 4 2 3 7 5 1   18
 139  1657  T 0 E 8 9 6 2 4 7 3 1 5   -
 140  1669  0 T 8 E 6 9 4 2 7 1 3 5   9
 141  1681  0 8 T 6 E 4 9 2 1 7 5 3   18
 142  1693  8 0 6 T 4 E 2 9 7 1 3 5   -
 143  1705  8 6 0 4 T 2 E 9 1 7 5 3   18
 144  1717  6 8 4 0 2 T E 1 9 7 3 5   70
 145  1729  8 6 0 4 T 2 1 E 9 3 7 5   9
 146  1741  6 8 4 0 2 T E 1 3 9 5 7   -
 147  1753  6 4 8 2 0 T 1 E 9 3 7 5   16
 148  1765  4 6 2 8 0 1 T E 3 9 5 7   58
 149  1777  6 4 8 2 1 0 T 3 E 5 9 7   7
 150  1789  4 6 2 8 0 1 3 T 5 E 7 9   -
 151  1801  4 2 6 8 1 0 T 3 E 5 9 7   14
 152  1813  2 4 6 1 8 0 3 T 5 E 7 9   36
 153  1825  4 2 1 6 8 3 0 5 T 7 E 9   5
 154  1837  2 4 6 1 3 8 5 0 7 T 9 E   -
 155  1849  4 2 1 6 3 5 8 7 0 9 T E   5
 156  1861  4 1 2 6 5 3 7 8 9 0 E T   14
 157  1873  1 4 6 2 3 5 8 7 0 9 T E   -
 158  1885  4 1 2 6 3 8 5 0 7 T 9 E   5
 159  1897  1 4 6 2 8 3 0 5 T 7 E 9   -
 160  1909  1 6 4 8 2 0 3 T 5 E 7 9   1
 161  1921  6 1 8 4 0 2 T 3 E 5 9 7   -
 162  1933  1 6 4 8 0 T 2 E 3 9 5 7   5
 163  1945  6 1 8 4 T 0 E 2 9 3 7 5   -
 164  1957  6 8 1 4 0 T 2 E 3 9 5 7   14
 165  1969  8 6 4 1 0 2 T 3 E 5 9 7   5
 166  1981  6 8 1 4 2 0 3 T 5 E 7 9   -
 167  1993  8 6 4 1 2 3 0 5 T 7 E 9   5
 168  2005  6 8 4 2 1 3 5 0 7 T 9 E   36
 169  2017  6 4 8 2 3 1 0 5 T 7 E 9   14
 170  2029  4 6 2 8 1 3 5 0 7 T 9 E   -
 171  2041  6 4 8 2 3 1 5 7 0 9 T E   7
 172  2053  4 6 2 8 3 5 1 7 9 0 E T   58
 173  2065  4 2 6 3 8 5 7 1 0 9 T E   16
 174  2077  2 4 3 6 5 8 1 7 9 0 E T   -
 175  2089  4 2 6 3 8 5 7 1 9 E 0 T   9
 176  2101  2 4 3 6 5 8 7 9 1 E T 0   70
 177  2113  2 3 4 5 6 7 8 9 E 1 0 T   18
 178  2125  3 2 5 4 7 6 9 8 1 E T 0   -
 179  2137  3 5 2 7 4 9 6 8 E 1 0 T   18
 180  2149  5 3 7 2 9 4 8 6 E 0 1 T   9
 181  2161  3 5 2 7 4 9 6 8 0 E T 1   -
 182  2173  3 2 5 4 7 6 9 8 E 0 1 T   18
 183  2185  2 3 4 5 6 7 8 9 0 E T 1   -
 184  2197  2 4 3 6 5 8 7 0 9 T E 1   1
 185  2209  4 2 6 3 8 5 0 7 T 9 1 E   -
 186  2221  4 6 2 8 3 0 5 7 9 T E 1   18
 187  2233  6 4 8 2 0 3 7 5 T 9 1 E   -
 188  2245  4 6 2 8 3 0 5 7 T 1 9 E   9
 189  2257  4 2 6 3 8 5 0 7 1 T E 9   18
 190  2269  2 4 3 6 5 8 7 0 T 1 9 E   -
 191  2281  2 3 4 5 6 7 8 0 1 T E 9   18
 192  2293  3 2 5 4 7 6 8 1 0 T 9 E   70
 193  2305  2 3 4 5 6 7 1 8 0 9 T E   9
 194  2317  3 2 5 4 7 6 8 1 9 0 E T   -
 195  2329  3 5 2 7 4 6 1 8 0 9 T E   16
 196  2341  5 3 7 2 4 1 6 8 9 0 E T   58
 197  2353  3 5 2 7 1 4 6 9 8 E 0 T   7
 198  2365  5 3 7 2 4 1 9 6 E 8 T 0   -
 199  2377  5 7 3 2 1 4 6 E 9 8 0 T   ?
 200  2389  7 5 3 1 2 4 E 9 6 8 T 0   ?
 201  2401  5 7 1 3 2 9 4 E 6 T 8 0   ?
 202  2413  7 5 3 1 9 2 E 4 T 6 0 8   -
 203  2425  5 7 1 3 9 E 2 T 4 0 6 8   5
 204  2437  5 1 7 3 E 9 T 2 0 4 8 6   14
 205  2449  1 5 3 7 9 E 2 T 4 0 6 8   -
 206  2461  5 1 7 3 9 2 E 4 T 6 0 8   5
 207  2473  1 5 3 7 2 9 4 E 6 T 8 0   -
 208  2485  1 3 5 2 7 4 9 6 E 8 T 0   1
 209  2497  3 1 2 5 4 7 6 9 8 E 0 T   -
 210  2509  1 2 3 4 5 6 7 8 9 0 E T   ?
 211  2521  1 2 3 4 5 6 7 8 9 0 E T   =
 212  2533  1 2 3 4 5 6 7 8 9 0 E T   =
 213  2545  1 2 3 4 5 6 7 8 9 0 E T   =
 214  2557  1 2 3 4 5 6 7 8 9 0 E T   =
