   1     1  1 2 3 4 5 6 7 8 9 0 E T   
   2    13  1 2 3 4 5 6 7 8 9 0 E T   =
   3    25  1 2 3 4 5 6 7 8 9 0 E T   =
   4    37  1 2 3 4 5 6 7 8 9 0 E T   =
   5    49  1 2 3 4 5 6 7 8 9 0 E T   =
   6    61  1 2 3 4 5 6 7 8 9 0 E T   =
   7    73  1 2 3 4 5 6 7 8 9 0 E T   =
   8    85  1 2 3 4 5 6 7 8 9 0 E T   =
   9    97  1 2 3 4 5 6 7 8 9 0 E T   =
  10   109  1 2 3 4 5 6 7 8 9 0 E T   =
  11   121  1 2 3 4 5 6 7 8 9 0 E T   =
  12   133  1 2 3 4 5 6 7 8 9 0 E T   =
  13   145  1 2 3 4 5 6 7 8 9 0 E T   =
  14   157  1 2 3 4 5 6 7 8 9 0 E T   =
  15   169  1 2 3 4 5 6 7 8 9 0 E T   =
  16   181  1 2 3 4 5 6 7 8 9 0 E T   =
  17   193  1 2 3 4 5 6 7 8 9 0 E T   =
  18   205  1 2 3 4 5 6 7 8 9 0 E T   =
  19   217  1 2 3 4 5 6 7 8 9 0 E T   =
  20   229  1 2 3 4 5 6 7 8 9 0 E T   =
  21   241  2 1 4 3 6 5 8 7 0 9 T E   -
  22   253  1 2 4 6 3 8 5 0 7 T 9 E   3
  23   265  2 1 6 4 8 3 0 5 T 7 E 9   -
  24   277  2 6 1 4 3 8 5 0 7 T 9 E   14
  25   289  6 2 4 1 8 3 0 5 T 7 E 9   -
  26   301  6 2 1 4 8 0 3 T 5 E 7 9   125
  27   313  2 6 4 1 0 8 T 3 E 5 9 7   -
  28   325  6 2 4 0 1 8 3 T 5 E 7 9   36
  29   337  2 6 0 4 8 1 T 3 E 5 9 7   -
  30   349  2 0 6 4 1 8 T E 3 9 5 7   147
  31   361  0 2 4 6 8 1 E T 9 3 7 5   -
  32   373  2 0 6 4 8 E 1 T 3 9 5 7   58
  33   385  0 2 4 6 E 8 T 1 9 3 7 5   -
  34   397  0 4 2 E 6 8 1 T 9 7 3 5   169
  35   409  4 0 E 2 8 6 T 1 7 9 5 3   -
  36   421  0 4 2 E 6 8 T 7 1 9 3 5   70
  37   433  4 0 E 2 8 6 7 T 9 1 5 3   -
  38   445  4 E 0 8 2 7 6 T 1 9 3 5   18
  39   457  E 4 8 0 7 2 T 6 9 1 5 3   -
  40   469  4 E 0 8 2 7 6 T 9 5 1 3   9
  41   481  E 4 8 0 7 2 T 6 5 9 3 1   -
  42   493  E 8 4 7 0 T 2 5 6 9 1 3   10
  43   505  8 E 7 4 T 0 5 2 9 6 3 1   -
  44   517  E 8 4 7 0 T 2 5 6 9 3 1   E
  45   529  8 E 7 4 T 0 5 2 9 6 1 3   -
  46   541  8 7 E T 4 5 0 9 2 6 3 1   10
  47   553  7 8 T E 5 4 9 0 6 2 1 3   -
  48   565  8 7 E T 4 5 0 9 6 1 2 3   9
  49   577  7 8 T E 5 4 9 0 1 6 3 2   -
  50   589  7 T 8 5 E 9 4 0 6 1 2 3   18
  51   601  T 7 5 8 9 E 0 4 1 6 3 2   -
  52   613  7 T 8 5 E 9 0 1 4 6 2 3   70
  53   625  T 7 5 8 9 E 1 0 6 4 3 2   -
  54   637  T 5 7 9 8 E 0 1 6 3 4 2   169
  55   649  5 T 9 7 E 8 1 0 3 6 2 4   -
  56   661  T 5 7 9 E 1 8 0 6 3 4 2   58
  57   673  5 T 9 7 1 E 0 8 3 6 2 4   -
  58   685  5 9 T 7 E 1 0 3 8 2 6 4   147
  59   697  9 5 7 T 1 E 3 0 2 8 4 6   -
  60   709  5 9 7 1 T E 0 3 8 2 6 4   36
  61   721  9 5 1 7 E T 3 0 2 8 4 6   -
  62   733  9 5 7 1 E 3 T 2 0 4 8 6   125
  63   745  5 9 1 7 3 E 2 T 4 0 6 8   -
  64   757  5 1 9 7 E 3 T 2 0 4 8 6   14
  65   769  1 5 7 9 3 E 2 T 4 0 6 8   -
  66   781  5 1 7 3 9 2 E 4 T 6 0 8   3
  67   793  1 5 3 7 2 9 4 E 6 T 8 0   -
  68   805  1 5 7 3 9 2 E 4 T 6 0 8   12
  69   817  5 1 3 7 2 9 4 E 6 T 8 0   -
  70   829  1 5 3 2 7 4 9 6 E 8 T 0   3
  71   841  5 1 2 3 4 7 6 9 8 E 0 T   -
  72   853  5 2 1 3 7 4 9 6 E 8 T 0   14
  73   865  2 5 3 1 4 7 6 9 8 E 0 T   -
  74   877  2 5 1 3 4 6 7 8 9 0 E T   125
  75   889  5 2 3 1 6 4 8 7 0 9 T E   -
  76   901  2 5 3 6 1 4 7 8 9 0 E T   36
  77   913  5 2 6 3 4 1 8 7 0 9 T E   -
  78   925  5 6 2 3 1 4 8 0 7 T 9 E   147
  79   937  6 5 3 2 4 1 0 8 T 7 E 9   -
  80   949  5 6 2 3 4 0 1 8 7 T 9 E   58
  81   961  6 5 3 2 0 4 8 1 T 7 E 9   -
  82   973  6 3 5 0 2 4 1 8 T E 7 9   169
  83   985  3 6 0 5 4 2 8 1 E T 9 7   -
  84   997  6 3 5 0 2 4 8 E 1 T 7 9   70
  85  1009  3 6 0 5 4 2 E 8 T 1 9 7   -
  86  1021  3 0 6 4 5 E 2 8 1 T 7 9   18
  87  1033  0 3 4 6 E 5 8 2 T 1 9 7   -
  88  1045  3 0 6 4 5 E 2 8 T 9 1 7   9
  89  1057  0 3 4 6 E 5 8 2 9 T 7 1   -
  90  1069  0 4 3 E 6 8 5 9 2 T 1 7   10
  91  1081  4 0 E 3 8 6 9 5 T 2 7 1   -
  92  1093  0 4 3 E 6 8 5 9 2 T 7 1   E
  93  1105  4 0 E 3 8 6 9 5 T 2 1 7   -
  94  1117  4 E 0 8 3 9 6 T 5 2 7 1   10
  95  1129  E 4 8 0 9 3 T 6 2 5 1 7   -
  96  1141  4 E 0 8 3 9 6 T 2 1 5 7   9
  97  1153  E 4 8 0 9 3 T 6 1 2 7 5   -
  98  1165  E 8 4 9 0 T 3 6 2 1 5 7   18
  99  1177  8 E 9 4 T 0 6 3 1 2 7 5   -
 100  1189  E 8 4 9 0 T 6 1 3 2 5 7   70
 101  1201  8 E 9 4 T 0 1 6 2 3 7 5   -
 102  1213  8 9 E T 4 0 6 1 2 7 3 5   169
 103  1225  9 8 T E 0 4 1 6 7 2 5 3   -
 104  1237  8 9 E T 0 1 4 6 2 7 3 5   58
 105  1249  9 8 T E 1 0 6 4 7 2 5 3   -
 106  1261  9 T 8 E 0 1 6 7 4 5 2 3   147
 107  1273  T 9 E 8 1 0 7 6 5 4 3 2   -
 108  1285  9 T E 1 8 0 6 7 4 5 2 3   36
 109  1297  T 9 1 E 0 8 7 6 5 4 3 2   -
 110  1309  T 9 E 1 0 7 8 5 6 3 4 2   125
 111  1321  9 T 1 E 7 0 5 8 3 6 2 4   -
 112  1333  9 1 T E 0 7 8 5 6 3 4 2   14
 113  1345  1 9 E T 7 0 5 8 3 6 2 4   -
 114  1357  9 1 E 7 T 5 0 3 8 2 6 4   3
 115  1369  1 9 7 E 5 T 3 0 2 8 4 6   -
 116  1381  1 9 E 7 T 5 0 3 8 2 6 4   12
 117  1393  9 1 7 E 5 T 3 0 2 8 4 6   -
 118  1405  1 9 7 5 E 3 T 2 0 4 8 6   3
 119  1417  9 1 5 7 3 E 2 T 4 0 6 8   -
 120  1429  9 5 1 7 E 3 T 2 0 4 8 6   14
 121  1441  5 9 7 1 3 E 2 T 4 0 6 8   -
 122  1453  5 9 1 7 3 2 E 4 T 6 0 8   125
 123  1465  9 5 7 1 2 3 4 E 6 T 8 0   -
 124  1477  5 9 7 2 1 3 E 4 T 6 0 8   36
 125  1489  9 5 2 7 3 1 4 E 6 T 8 0   -
 126  1501  9 2 5 7 1 3 4 6 E 8 T 0   147
 127  1513  2 9 7 5 3 1 6 4 8 E 0 T   -
 128  1525  9 2 5 7 3 6 1 4 E 8 T 0   58
 129  1537  2 9 7 5 6 3 4 1 8 E 0 T   -
 130  1549  2 7 9 6 5 3 1 4 8 0 E T   169
 131  1561  7 2 6 9 3 5 4 1 0 8 T E   -
 132  1573  2 7 9 6 5 3 4 0 1 8 E T   70
 133  1585  7 2 6 9 3 5 0 4 8 1 T E   -
 134  1597  7 6 2 3 9 0 5 4 1 8 E T   18
 135  1609  6 7 3 2 0 9 4 5 8 1 T E   -
 136  1621  7 6 2 3 9 0 5 4 8 T 1 E   9
 137  1633  6 7 3 2 0 9 4 5 T 8 E 1   -
 138  1645  6 3 7 0 2 4 9 T 5 8 1 E   10
 139  1657  3 6 0 7 4 2 T 9 8 5 E 1   -
 140  1669  6 3 7 0 2 4 9 T 5 8 E 1   E
 141  1681  3 6 0 7 4 2 T 9 8 5 1 E   -
 142  1693  3 0 6 4 7 T 2 8 9 5 E 1   10
 143  1705  0 3 4 6 T 7 8 2 5 9 1 E   -
 144  1717  3 0 6 4 7 T 2 8 5 1 9 E   9
 145  1729  0 3 4 6 T 7 8 2 1 5 E 9   -
 146  1741  0 4 3 T 6 8 7 2 5 1 9 E   18
 147  1753  4 0 T 3 8 6 2 7 1 5 E 9   -
 148  1765  0 4 3 T 6 8 2 1 7 5 9 E   70
 149  1777  4 0 T 3 8 6 1 2 5 7 E 9   -
 150  1789  4 T 0 8 3 6 2 1 5 E 7 9   169
 151  1801  T 4 8 0 6 3 1 2 E 5 9 7   -
 152  1813  4 T 0 8 6 1 3 2 5 E 7 9   58
 153  1825  T 4 8 0 1 6 2 3 E 5 9 7   -
 154  1837  T 8 4 0 6 1 2 E 3 9 5 7   147
 155  1849  8 T 0 4 1 6 E 2 9 3 7 5   -
 156  1861  T 8 0 1 4 6 2 E 3 9 5 7   36
 157  1873  8 T 1 0 6 4 E 2 9 3 7 5   -
 158  1885  8 T 0 1 6 E 4 9 2 7 3 5   125
 159  1897  T 8 1 0 E 6 9 4 7 2 5 3   -
 160  1909  T 1 8 0 6 E 4 9 2 7 3 5   14
 161  1921  1 T 0 8 E 6 9 4 7 2 5 3   -
 162  1933  T 1 0 E 8 9 6 7 4 5 2 3   3
 163  1945  1 T E 0 9 8 7 6 5 4 3 2   -
 164  1957  1 E T 0 8 9 6 7 4 5 2 3   14
 165  1969  E 1 0 T 9 8 7 6 5 4 3 2   -
 166  1981  1 E 0 9 T 7 8 5 6 3 4 2   3
 167  1993  E 1 9 0 7 T 5 8 3 6 2 4   -
 168  2005  E 9 1 0 T 7 8 5 6 3 4 2   14
 169  2017  9 E 0 1 7 T 5 8 3 6 2 4   -
 170  2029  9 E 1 0 7 5 T 3 8 2 6 4   125
 171  2041  E 9 0 1 5 7 3 T 2 8 4 6   -
 172  2053  9 E 0 5 1 7 T 3 8 2 6 4   36
 173  2065  E 9 0 5 7 1 3 T 2 8 4 6   34
 174  2077  E 5 9 0 1 7 3 2 T 4 8 6   ?
 175  2089  5 E 0 9 7 1 2 3 4 T 6 8   -
 176  2101  E 5 9 0 7 2 1 3 T 4 8 6   58
 177  2113  5 E 0 9 2 7 3 1 4 T 6 8   -
 178  2125  5 0 E 9 7 2 1 3 4 6 T 8   149
 179  2137  0 5 E 7 2 9 3 1 6 4 8 T   ?
 180  2149  5 0 E 2 9 7 3 6 1 4 T 8   ?
 181  2161  0 5 E 2 7 9 6 3 4 1 8 T   34
 182  2173  0 2 5 7 E 9 6 3 1 4 T 8   ?
 183  2185  2 0 7 5 6 E 3 9 4 1 8 T   ?
 184  2197  0 2 5 7 E 6 9 3 4 8 1 T   9
 185  2209  2 0 7 5 6 E 3 9 8 4 T 1   -
 186  2221  2 7 0 6 5 3 E 9 8 4 1 T   1890
 187  2233  7 2 6 0 3 5 8 E 4 9 T 1   ?
 188  2245  2 7 0 6 5 3 E 8 9 4 T 1   E
 189  2257  7 2 6 0 3 5 8 E 4 9 1 T   -
 190  2269  7 6 2 3 0 8 5 4 E 9 T 1   10
 191  2281  6 7 3 2 8 0 4 5 9 E 1 T   -
 192  2293  7 6 2 3 0 8 5 4 9 1 E T   9
 193  2305  6 7 3 2 8 0 4 5 1 9 T E   -
 194  2317  6 3 7 8 2 4 0 5 9 1 E T   18
 195  2329  3 6 8 2 7 4 5 0 1 9 T E   ?
 196  2341  6 3 2 8 7 4 5 1 0 9 E T   5670
 197  2353  3 6 8 2 4 7 1 5 9 0 T E   -
 198  2365  3 8 6 4 7 2 5 1 9 T 0 E   ?
 199  2377  8 3 4 6 2 7 1 5 T 9 E 0   -
 200  2389  3 8 6 4 2 1 7 5 9 T 0 E   58
 201  2401  8 3 4 6 1 2 5 7 T 9 E 0   -
 202  2413  8 4 3 6 2 1 5 T 7 E 9 0   147
 203  2425  4 8 6 3 1 2 T 5 E 7 0 9   -
 204  2437  8 4 6 1 3 2 5 T 7 E 9 0   36
 205  2449  4 8 1 6 2 3 T 5 E 7 0 9   -
 206  2461  4 8 6 1 2 T 3 E 5 0 7 9   125
 207  2473  8 4 1 6 T 2 E 3 0 5 9 7   -
 208  2485  8 1 4 6 2 T 3 E 5 0 7 9   14
 209  2497  1 8 6 4 T 2 E 3 0 5 9 7   -
 210  2509  8 1 6 T 4 E 2 0 3 9 5 7   3
 211  2521  1 8 T 6 E 4 0 2 9 3 7 5   -
 212  2533  1 8 6 T 4 E 2 0 3 9 5 7   12
 213  2545  8 1 T 6 E 4 0 2 9 3 7 5   -
 214  2557  1 8 T E 6 0 4 9 2 7 3 5   3
 215  2569  8 1 E T 0 6 9 4 7 2 5 3   -
 216  2581  8 E 1 T 6 0 4 9 2 7 3 5   14
 217  2593  E 8 T 1 0 6 9 4 7 2 5 3   -
 218  2605  E 8 1 T 0 9 6 7 4 5 2 3   125
 219  2617  8 E T 1 9 0 7 6 5 4 3 2   -
 220  2629  E 8 T 9 1 0 6 7 4 5 2 3   36
 221  2641  8 E 9 T 0 1 7 6 5 4 3 2   -
 222  2653  8 9 E T 1 0 7 5 6 3 4 2   147
 223  2665  9 8 T E 0 1 5 7 3 6 2 4   -
 224  2677  8 9 E T 0 5 1 7 6 3 4 2   58
 225  2689  9 8 T E 5 0 7 1 3 6 2 4   -
 226  2701  9 T 8 5 E 0 1 7 3 2 6 4   169
 227  2713  T 9 5 8 0 E 7 1 2 3 4 6   -
 228  2725  9 T 8 5 E 0 7 2 1 3 6 4   70
 229  2737  T 9 5 8 0 E 2 7 3 1 4 6   -
 230  2749  T 5 9 0 8 2 E 7 1 3 6 4   18
 231  2761  5 T 0 9 2 8 7 E 3 1 4 6   -
 232  2773  T 5 9 0 8 2 E 7 3 4 1 6   9
 233  2785  5 T 0 9 2 8 7 E 4 3 6 1   -
 234  2797  5 0 T 2 9 7 8 4 E 3 1 6   10
 235  2809  0 5 2 T 7 9 4 8 3 E 6 1   -
 236  2821  5 0 T 2 9 7 8 4 E 3 6 1   E
 237  2833  0 5 2 T 7 9 4 8 3 E 1 6   -
 238  2845  0 2 5 7 T 4 9 3 8 E 6 1   10
 239  2857  2 0 7 5 4 T 3 9 E 8 1 6   -
 240  2869  0 2 5 7 T 4 9 3 E 1 8 6   9
 241  2881  2 0 7 5 4 T 3 9 1 E 6 8   -
 242  2893  2 7 0 4 5 3 T 9 E 1 8 6   18
 243  2905  7 2 4 0 3 5 9 T 1 E 6 8   -
 244  2917  2 7 0 4 5 3 9 1 T E 8 6   70
 245  2929  7 2 4 0 3 5 1 9 E T 6 8   -
 246  2941  7 4 2 3 0 5 9 1 E 6 T 8   169
 247  2953  4 7 3 2 5 0 1 9 6 E 8 T   -
 248  2965  7 4 2 3 5 1 0 9 E 6 T 8   58
 249  2977  4 7 3 2 1 5 9 0 6 E 8 T   -
 250  2989  4 3 7 2 5 1 9 6 0 8 E T   147
 251  3001  3 4 2 7 1 5 6 9 8 0 T E   -
 252  3013  4 3 2 1 7 5 9 6 0 8 E T   36
 253  3025  3 4 1 2 5 7 6 9 8 0 T E   -
 254  3037  3 4 2 1 5 6 7 8 9 T 0 E   125
 255  3049  4 3 1 2 6 5 8 7 T 9 E 0   -
 256  3061  4 1 3 2 5 6 7 8 9 T 0 E   14
 257  3073  1 4 2 3 6 5 8 7 T 9 E 0   -
 258  3085  4 1 2 6 3 8 5 T 7 E 9 0   3
 259  3097  1 4 6 2 8 3 T 5 E 7 0 9   -
 260  3109  1 4 2 6 3 8 5 T 7 E 9 0   12
 261  3121  4 1 6 2 8 3 T 5 E 7 0 9   -
 262  3133  1 4 6 8 2 T 3 E 5 0 7 9   3
 263  3145  4 1 8 6 T 2 E 3 0 5 9 7   -
 264  3157  4 8 1 6 2 T 3 E 5 0 7 9   14
 265  3169  8 4 6 1 T 2 E 3 0 5 9 7   -
 266  3181  8 4 1 6 T E 2 0 3 9 5 7   125
 267  3193  4 8 6 1 E T 0 2 9 3 7 5   -
 268  3205  8 4 6 E 1 T 2 0 3 9 5 7   36
 269  3217  4 8 E 6 T 1 0 2 9 3 7 5   -
 270  3229  4 E 8 6 1 T 0 9 2 7 3 5   147
 271  3241  E 4 6 8 T 1 9 0 7 2 5 3   -
 272  3253  4 E 8 6 T 9 1 0 2 7 3 5   58
 273  3265  E 4 6 8 9 T 0 1 7 2 5 3   -
 274  3277  E 6 4 9 8 T 1 0 7 5 2 3   169
 275  3289  6 E 9 4 T 8 0 1 5 7 3 2   -
 276  3301  E 6 4 9 8 T 0 5 1 7 2 3   70
 277  3313  6 E 9 4 T 8 5 0 7 1 3 2   -
 278  3325  6 9 E T 4 5 8 0 1 7 2 3   18
 279  3337  9 6 T E 5 4 0 8 7 1 3 2   -
 280  3349  6 9 E T 4 5 8 0 7 3 1 2   9
 281  3361  9 6 T E 5 4 0 8 3 7 2 1   -
 282  3373  9 T 6 5 E 0 4 3 8 7 1 2   10
 283  3385  T 9 5 6 0 E 3 4 7 8 2 1   -
 284  3397  9 T 6 5 E 0 4 3 8 7 2 1   E
 285  3409  T 9 5 6 0 E 3 4 7 8 1 2   -
 286  3421  T 5 9 0 6 3 E 7 4 8 2 1   10
 287  3433  5 T 0 9 3 6 7 E 8 4 1 2   -
 288  3445  T 5 9 0 6 3 E 7 8 1 4 2   9
 289  3457  5 T 0 9 3 6 7 E 1 8 2 4   -
 290  3469  5 0 T 3 9 7 6 E 8 1 4 2   18
 291  3481  0 5 3 T 7 9 E 6 1 8 2 4   -
 292  3493  5 0 T 3 9 7 E 1 6 8 4 2   70
 293  3505  0 5 3 T 7 9 1 E 8 6 2 4   -
 294  3517  0 3 5 7 T 9 E 1 8 2 6 4   169
 295  3529  3 0 7 5 9 T 1 E 2 8 4 6   -
 296  3541  0 3 5 7 9 1 T E 8 2 6 4   58
 297  3553  3 0 7 5 1 9 E T 2 8 4 6   -
 298  3565  3 7 0 5 9 1 E 2 T 4 8 6   147
 299  3577  7 3 5 0 1 9 2 E 4 T 6 8   -
 300  3589  3 7 5 1 0 9 E 2 T 4 8 6   36
 301  3601  7 3 1 5 9 0 2 E 4 T 6 8   -
 302  3613  7 3 5 1 9 2 0 4 E 6 T 8   125
 303  3625  3 7 1 5 2 9 4 0 6 E 8 T   -
 304  3637  3 1 7 5 9 2 0 4 E 6 T 8   14
 305  3649  1 3 5 7 2 9 4 0 6 E 8 T   -
 306  3661  3 1 5 2 7 4 9 6 0 8 E T   3
 307  3673  1 3 2 5 4 7 6 9 8 0 T E   -
 308  3685  1 2 3 4 5 6 7 8 9 0 E T   10
 309  3697  1 2 3 4 5 6 7 8 9 0 E T   =
 310  3709  1 2 3 4 5 6 7 8 9 0 E T   =
 311  3721  1 2 3 4 5 6 7 8 9 0 E T   =
 312  3733  1 2 3 4 5 6 7 8 9 0 E T   =
 313  3745  1 2 3 4 5 6 7 8 9 0 E T   =
 314  3757  1 2 3 4 5 6 7 8 9 0 E T   =
