   1     1  1 T E 0 9 8 7 6 5 4 3 2   
   2    13  1 T E 0 9 8 7 6 5 4 3 2   =
   3    25  1 T E 0 9 8 7 6 5 4 3 2   =
   4    37  1 T E 0 9 8 7 6 5 4 3 2   =
   5    49  1 T E 0 9 8 7 6 5 4 3 2   =
   6    61  1 T E 0 9 8 7 6 5 4 3 2   =
   7    73  1 T E 0 9 8 7 6 5 4 3 2   =
   8    85  1 T E 0 9 8 7 6 5 4 3 2   =
   9    97  1 T E 0 9 8 7 6 5 4 3 2   =
  10   109  1 T E 0 9 8 7 6 5 4 3 2   =
  11   121  1 T E 0 9 8 7 6 5 4 3 2   =
  12   133  1 T E 0 9 8 7 6 5 4 3 2   =
  13   145  1 T E 0 9 8 7 6 5 4 3 2   =
  14   157  1 T E 0 9 8 7 6 5 4 3 2   =
  15   169  1 T E 0 9 8 7 6 5 4 3 2   =
  16   181  1 T E 0 9 8 7 6 5 4 3 2   =
  17   193  1 T E 0 9 8 7 6 5 4 3 2   =
  18   205  1 T E 0 9 8 7 6 5 4 3 2   =
  19   217  1 T E 0 9 8 7 6 5 4 3 2   =
  20   229  1 T E 0 9 8 7 6 5 4 3 2   =
  21   241  1 T E 0 9 8 7 6 5 4 3 2   =
  22   253  1 T E 0 9 8 7 6 5 4 3 2   =
  23   265  1 T E 0 9 8 7 6 5 4 3 2   =
  24   277  1 T E 0 9 8 7 6 5 4 3 2   =
  25   289  T 1 0 E 8 9 6 7 4 5 2 3   -
  26   301  1 T 0 8 E 6 9 4 7 2 5 3   3
  27   313  T 1 8 0 6 E 4 9 2 7 3 5   -
  28   325  T 8 1 0 E 6 9 4 7 2 5 3   4
  29   337  8 T 0 1 6 E 4 9 2 7 3 5   -
  30   349  8 T 1 0 6 4 E 2 9 3 7 5   25
  31   361  T 8 0 1 4 6 2 E 3 9 5 7   -
  32   373  8 T 0 4 1 6 E 2 9 3 7 5   36
  33   385  T 8 4 0 6 1 2 E 3 9 5 7   -
  34   397  T 4 8 0 1 6 2 3 E 5 9 7   47
  35   409  4 T 0 8 6 1 3 2 5 E 7 9   -
  36   421  T 4 8 0 6 3 1 2 E 5 9 7   58
  37   433  4 T 0 8 3 6 2 1 5 E 7 9   -
  38   445  4 0 T 3 8 6 1 2 5 7 E 9   69
  39   457  0 4 3 T 6 8 2 1 7 5 9 E   -
  40   469  4 0 T 3 8 6 2 7 1 5 E 9   70
  41   481  0 4 3 T 6 8 7 2 5 1 9 E   -
  42   493  0 3 4 6 T 7 8 2 1 5 E 9   8
  43   505  3 0 6 4 7 T 2 8 5 1 9 E   -
  44   517  0 3 4 6 T 7 8 2 5 9 1 E   9
  45   529  3 0 6 4 7 T 2 8 9 5 E 1   -
  46   541  3 6 0 7 4 2 T 9 8 5 1 E   0
  47   553  6 3 7 0 2 4 9 T 5 8 E 1   -
  48   565  3 6 0 7 4 2 T 9 8 5 E 1   E
  49   577  6 3 7 0 2 4 9 T 5 8 1 E   -
  50   589  6 7 3 2 0 9 4 5 T 8 E 1   0
  51   601  7 6 2 3 9 0 5 4 8 T 1 E   -
  52   613  6 7 3 2 0 9 4 5 8 1 T E   9
  53   625  7 6 2 3 9 0 5 4 1 8 E T   -
  54   637  7 2 6 9 3 5 0 4 8 1 T E   8
  55   649  2 7 9 6 5 3 4 0 1 8 E T   -
  56   661  7 2 6 9 3 5 4 1 0 8 T E   70
  57   673  2 7 9 6 5 3 1 4 8 0 E T   -
  58   685  2 9 7 5 6 3 4 1 8 E 0 T   69
  59   697  9 2 5 7 3 6 1 4 E 8 T 0   -
  60   709  2 9 7 5 3 1 6 4 8 E 0 T   58
  61   721  9 2 5 7 1 3 4 6 E 8 T 0   -
  62   733  9 5 2 7 3 1 4 E 6 T 8 0   47
  63   745  5 9 7 2 1 3 E 4 T 6 0 8   -
  64   757  9 5 7 1 2 3 4 E 6 T 8 0   36
  65   769  5 9 1 7 3 2 E 4 T 6 0 8   -
  66   781  5 9 7 1 3 E 2 T 4 0 6 8   25
  67   793  9 5 1 7 E 3 T 2 0 4 8 6   -
  68   805  9 1 5 7 3 E 2 T 4 0 6 8   4
  69   817  1 9 7 5 E 3 T 2 0 4 8 6   -
  70   829  9 1 7 E 5 T 3 0 2 8 4 6   3
  71   841  1 9 E 7 T 5 0 3 8 2 6 4   -
  72   853  1 9 7 E 5 T 3 0 2 8 4 6   2
  73   865  9 1 E 7 T 5 0 3 8 2 6 4   -
  74   877  1 9 E T 7 0 5 8 3 6 2 4   3
  75   889  9 1 T E 0 7 8 5 6 3 4 2   -
  76   901  9 T 1 E 7 0 5 8 3 6 2 4   4
  77   913  T 9 E 1 0 7 8 5 6 3 4 2   -
  78   925  T 9 1 E 0 8 7 6 5 4 3 2   25
  79   937  9 T E 1 8 0 6 7 4 5 2 3   -
  80   949  T 9 E 8 1 0 7 6 5 4 3 2   36
  81   961  9 T 8 E 0 1 6 7 4 5 2 3   -
  82   973  9 8 T E 1 0 6 4 7 2 5 3   47
  83   985  8 9 E T 0 1 4 6 2 7 3 5   -
  84   997  9 8 T E 0 4 1 6 7 2 5 3   58
  85  1009  8 9 E T 4 0 6 1 2 7 3 5   -
  86  1021  8 E 9 4 T 0 1 6 2 3 7 5   69
  87  1033  E 8 4 9 0 T 6 1 3 2 5 7   -
  88  1045  8 E 9 4 T 0 6 3 1 2 7 5   70
  89  1057  E 8 4 9 0 T 3 6 2 1 5 7   -
  90  1069  E 4 8 0 9 3 T 6 1 2 7 5   8
  91  1081  4 E 0 8 3 9 6 T 2 1 5 7   -
  92  1093  E 4 8 0 9 3 T 6 2 5 1 7   9
  93  1105  4 E 0 8 3 9 6 T 5 2 7 1   -
  94  1117  4 0 E 3 8 6 9 5 T 2 1 7   0
  95  1129  0 4 3 E 6 8 5 9 2 T 7 1   -
  96  1141  4 0 E 3 8 6 9 5 T 2 7 1   E
  97  1153  0 4 3 E 6 8 5 9 2 T 1 7   -
  98  1165  0 3 4 6 E 5 8 2 9 T 7 1   0
  99  1177  3 0 6 4 5 E 2 8 T 9 1 7   -
 100  1189  0 3 4 6 E 5 8 2 T 1 9 7   9
 101  1201  3 0 6 4 5 E 2 8 1 T 7 9   -
 102  1213  3 6 0 5 4 2 E 8 T 1 9 7   8
 103  1225  6 3 5 0 2 4 8 E 1 T 7 9   -
 104  1237  3 6 0 5 4 2 8 1 E T 9 7   70
 105  1249  6 3 5 0 2 4 1 8 T E 7 9   -
 106  1261  6 5 3 2 0 4 8 1 T 7 E 9   69
 107  1273  5 6 2 3 4 0 1 8 7 T 9 E   -
 108  1285  6 5 3 2 4 1 0 8 T 7 E 9   58
 109  1297  5 6 2 3 1 4 8 0 7 T 9 E   -
 110  1309  5 2 6 3 4 1 8 7 0 9 T E   47
 111  1321  2 5 3 6 1 4 7 8 9 0 E T   -
 112  1333  5 2 3 1 6 4 8 7 0 9 T E   36
 113  1345  2 5 1 3 4 6 7 8 9 0 E T   -
 114  1357  2 5 3 1 4 7 6 9 8 E 0 T   25
 115  1369  5 2 1 3 7 4 9 6 E 8 T 0   -
 116  1381  5 1 2 3 4 7 6 9 8 E 0 T   4
 117  1393  1 5 3 2 7 4 9 6 E 8 T 0   -
 118  1405  5 1 3 7 2 9 4 E 6 T 8 0   3
 119  1417  1 5 7 3 9 2 E 4 T 6 0 8   -
 120  1429  1 5 3 7 2 9 4 E 6 T 8 0   2
 121  1441  5 1 7 3 9 2 E 4 T 6 0 8   -
 122  1453  1 5 7 9 3 E 2 T 4 0 6 8   3
 123  1465  5 1 9 7 E 3 T 2 0 4 8 6   -
 124  1477  5 9 1 7 3 E 2 T 4 0 6 8   4
 125  1489  9 5 7 1 E 3 T 2 0 4 8 6   -
 126  1501  9 5 1 7 E T 3 0 2 8 4 6   25
 127  1513  5 9 7 1 T E 0 3 8 2 6 4   -
 128  1525  9 5 7 T 1 E 3 0 2 8 4 6   36
 129  1537  5 9 T 7 E 1 0 3 8 2 6 4   -
 130  1549  5 T 9 7 1 E 0 8 3 6 2 4   47
 131  1561  T 5 7 9 E 1 8 0 6 3 4 2   -
 132  1573  5 T 9 7 E 8 1 0 3 6 2 4   58
 133  1585  T 5 7 9 8 E 0 1 6 3 4 2   -
 134  1597  T 7 5 8 9 E 1 0 6 4 3 2   69
 135  1609  7 T 8 5 E 9 0 1 4 6 2 3   -
 136  1621  T 7 5 8 9 E 0 4 1 6 3 2   70
 137  1633  7 T 8 5 E 9 4 0 6 1 2 3   -
 138  1645  7 8 T E 5 4 9 0 1 6 3 2   8
 139  1657  8 7 E T 4 5 0 9 6 1 2 3   -
 140  1669  7 8 T E 5 4 9 0 6 2 1 3   9
 141  1681  8 7 E T 4 5 0 9 2 6 3 1   -
 142  1693  8 E 7 4 T 0 5 2 9 6 1 3   0
 143  1705  E 8 4 7 0 T 2 5 6 9 3 1   -
 144  1717  8 E 7 4 T 0 5 2 9 6 3 1   E
 145  1729  E 8 4 7 0 T 2 5 6 9 1 3   -
 146  1741  E 4 8 0 7 2 T 6 5 9 3 1   0
 147  1753  4 E 0 8 2 7 6 T 9 5 1 3   -
 148  1765  E 4 8 0 7 2 T 6 9 1 5 3   9
 149  1777  4 E 0 8 2 7 6 T 1 9 3 5   -
 150  1789  4 0 E 2 8 6 7 T 9 1 5 3   8
 151  1801  0 4 2 E 6 8 T 7 1 9 3 5   -
 152  1813  4 0 E 2 8 6 T 1 7 9 5 3   70
 153  1825  0 4 2 E 6 8 1 T 9 7 3 5   -
 154  1837  0 2 4 6 E 8 T 1 9 3 7 5   69
 155  1849  2 0 6 4 8 E 1 T 3 9 5 7   -
 156  1861  0 2 4 6 8 1 E T 9 3 7 5   58
 157  1873  2 0 6 4 1 8 T E 3 9 5 7   -
 158  1885  2 6 0 4 8 1 T 3 E 5 9 7   47
 159  1897  6 2 4 0 1 8 3 T 5 E 7 9   -
 160  1909  2 6 4 1 0 8 T 3 E 5 9 7   36
 161  1921  6 2 1 4 8 0 3 T 5 E 7 9   -
 162  1933  6 2 4 1 8 3 0 5 T 7 E 9   25
 163  1945  2 6 1 4 3 8 5 0 7 T 9 E   -
 164  1957  2 1 6 4 8 3 0 5 T 7 E 9   4
 165  1969  1 2 4 6 3 8 5 0 7 T 9 E   -
 166  1981  2 1 4 3 6 5 8 7 0 9 T E   3
 167  1993  1 2 3 4 5 6 7 8 9 0 E T   -
 168  2005  1 2 3 4 5 6 7 8 9 0 E T   =
 169  2017  1 2 3 4 5 6 7 8 9 0 E T   =
 170  2029  1 2 3 4 5 6 7 8 9 0 E T   =
 171  2041  1 2 3 4 5 6 7 8 9 0 E T   =
 172  2053  1 2 3 4 5 6 7 8 9 0 E T   =
 173  2065  1 2 3 4 5 6 7 8 9 0 E T   =
 174  2077  1 2 3 4 5 6 7 8 9 0 E T   =
