59.840  59.840  1
120.760  120.760  HL
181.780  181.780  2
242.670  242.670  HL
303.690  303.690  3
364.490  364.490  HL
425.470  425.470  4
486.240  486.240  HL
547.190  547.190  5
607.950  607.950  HL
668.760  668.760  6
729.550  729.550  HL
790.530  790.530  7
851.010  851.010  HL
911.730  911.730  8
972.340  972.340  HL
1032.920  1032.920  9
1093.600  1093.600  HL
1154.180  1154.180  10
1214.710  1214.710  HL
1275.410  1275.410  11
1335.870  1335.870  HL
1396.550  1396.550  12
1456.800  1456.800  HL
1517.400  1517.400  13
1577.560  1577.560  HL
1638.040  1638.040  14
1698.300  1698.300  HL
1758.620  1758.620  15
1818.990  1818.990  HL
1879.360  1879.360  16
1939.750  1939.750  HL
2000.220  2000.220  17
2060.440  2060.440  HL
2121.260  2121.260  18
2181.620  2181.620  HL
2242.190  2242.190  19
2302.670  2302.670  HL
2363.190  2363.190  20
2423.680  2423.680  HL
2484.170  2484.170  21
2544.740  2544.740  HL
2605.370  2605.370  22
2665.960  2665.960  HL
2726.590  2726.590  23
2787.150  2787.150  HL
2847.750  2847.750  24
2907.860  2907.860  HL
2968.520  2968.520  25
3028.860  3028.860  HL
3089.230  3089.230  26
3149.490  3149.490  HL
3209.990  3209.990  27
3270.460  3270.460  HL
3330.980  3330.980  28
3391.390  3391.390  HL
3452.320  3452.320  29
3456.850  3456.850  End
