   1     1  1 2 3 4 5 6 7 8 9 0 E T   
   2    13  1 2 3 4 5 6 7 8 9 0 E T   =
   3    25  1 2 3 4 5 6 7 8 9 0 E T   =
   4    37  1 2 3 4 5 6 7 8 9 0 E T   =
   5    49  1 2 3 4 5 6 7 8 9 0 E T   =
   6    61  1 2 3 4 5 6 7 8 9 0 E T   =
   7    73  1 2 3 4 5 6 7 8 9 0 E T   =
   8    85  1 2 3 4 5 6 7 8 9 0 E T   =
   9    97  1 2 3 4 5 6 7 8 9 0 E T   =
  10   109  1 2 3 4 5 6 7 8 9 0 E T   =
  11   121  1 2 3 4 5 6 7 8 9 0 E T   =
  12   133  1 2 3 4 5 6 7 8 9 0 E T   =
  13   145  1 2 3 4 5 6 7 8 9 0 E T   =
  14   157  1 2 3 4 5 6 7 8 9 0 E T   =
  15   169  1 2 3 4 5 6 7 8 9 0 E T   =
  16   181  1 2 3 4 5 6 7 8 9 0 E T   =
  17   193  1 2 3 4 5 6 7 8 9 0 E T   =
  18   205  1 2 3 4 5 6 7 8 9 0 E T   =
  19   217  1 2 3 4 5 6 7 8 9 0 E T   =
  20   229  1 2 3 4 5 6 7 8 9 0 E T   =
  21   241  1 2 3 4 5 6 7 8 9 0 E T   =
  22   253  1 2 3 4 5 6 7 8 9 0 E T   =
  23   265  1 2 3 4 5 6 7 8 9 0 E T   =
  24   277  1 2 3 4 5 6 7 8 9 0 E T   =
  25   289  2 1 4 3 6 5 8 7 0 9 T E   -
  26   301  1 2 4 6 3 8 5 0 7 T 9 E   3
  27   313  2 1 6 4 8 3 0 5 T 7 E 9   -
  28   325  2 6 1 4 3 8 5 0 7 T 9 E   14
  29   337  6 2 4 1 8 3 0 5 T 7 E 9   -
  30   349  6 2 1 4 8 0 3 T 5 E 7 9   125
  31   361  2 6 4 1 0 8 T 3 E 5 9 7   -
  32   373  6 2 4 0 1 8 3 T 5 E 7 9   36
  33   385  2 6 0 4 8 1 T 3 E 5 9 7   -
  34   397  2 0 6 4 1 8 T E 3 9 5 7   147
  35   409  0 2 4 6 8 1 E T 9 3 7 5   -
  36   421  2 0 6 4 8 E 1 T 3 9 5 7   58
  37   433  0 2 4 6 E 8 T 1 9 3 7 5   -
  38   445  0 4 2 E 6 8 1 T 9 7 3 5   169
  39   457  4 0 E 2 8 6 T 1 7 9 5 3   -
  40   469  0 4 2 E 6 8 T 7 1 9 3 5   70
  41   481  4 0 E 2 8 6 7 T 9 1 5 3   -
  42   493  4 E 0 8 2 7 6 T 1 9 3 5   18
  43   505  E 4 8 0 7 2 T 6 9 1 5 3   -
  44   517  4 E 0 8 2 7 6 T 9 5 1 3   9
  45   529  E 4 8 0 7 2 T 6 5 9 3 1   -
  46   541  E 8 4 7 0 T 2 5 6 9 1 3   10
  47   553  8 E 7 4 T 0 5 2 9 6 3 1   -
  48   565  E 8 4 7 0 T 2 5 6 9 3 1   E
  49   577  8 E 7 4 T 0 5 2 9 6 1 3   -
  50   589  8 7 E T 4 5 0 9 2 6 3 1   10
  51   601  7 8 T E 5 4 9 0 6 2 1 3   -
  52   613  8 7 E T 4 5 0 9 6 2 1 3   90E
  53   625  7 8 T E 5 4 9 0 1 6 3 2   ?
  54   637  7 T 8 5 E 9 4 0 6 1 2 3   18
  55   649  T 7 5 8 9 E 0 4 1 6 3 2   -
  56   661  7 T 8 5 E 9 0 1 4 6 2 3   70
  57   673  T 7 5 8 9 E 1 0 6 4 3 2   -
  58   685  T 5 7 9 8 E 0 1 6 3 4 2   169
  59   697  5 T 9 7 E 8 1 0 3 6 2 4   -
  60   709  T 5 7 9 E 1 8 0 6 3 4 2   58
  61   721  5 T 9 7 1 E 0 8 3 6 2 4   -
  62   733  5 9 T 7 E 1 0 3 8 2 6 4   147
  63   745  9 5 7 T 1 E 3 0 2 8 4 6   -
  64   757  5 9 7 1 T E 0 3 8 2 6 4   36
  65   769  9 5 1 7 E T 3 0 2 8 4 6   -
  66   781  9 5 7 1 E 3 T 2 0 4 8 6   125
  67   793  5 9 1 7 3 E 2 T 4 0 6 8   -
  68   805  5 1 9 7 E 3 T 2 0 4 8 6   14
  69   817  1 5 7 9 3 E 2 T 4 0 6 8   -
  70   829  5 1 7 3 9 2 E 4 T 6 0 8   3
  71   841  1 5 3 7 2 9 4 E 6 T 8 0   -
  72   853  1 5 7 3 9 2 E 4 T 6 0 8   12
  73   865  5 1 3 7 2 9 4 E 6 T 8 0   -
  74   877  1 5 3 2 7 4 9 6 E 8 T 0   3
  75   889  5 1 2 3 4 7 6 9 8 E 0 T   -
  76   901  5 2 1 3 7 4 9 6 E 8 T 0   14
  77   913  2 5 3 1 4 7 6 9 8 E 0 T   -
  78   925  2 5 1 3 4 6 7 8 9 0 E T   125
  79   937  5 2 3 1 6 4 8 7 0 9 T E   -
  80   949  2 5 3 6 1 4 7 8 9 0 E T   36
  81   961  5 2 6 3 4 1 8 7 0 9 T E   -
  82   973  5 6 2 3 1 4 8 0 7 T 9 E   147
  83   985  6 5 3 2 4 1 0 8 T 7 E 9   -
  84   997  5 6 2 3 4 0 1 8 7 T 9 E   58
  85  1009  6 5 3 2 0 4 8 1 T 7 E 9   -
  86  1021  6 3 5 0 2 4 1 8 T E 7 9   169
  87  1033  3 6 0 5 4 2 8 1 E T 9 7   -
  88  1045  6 3 5 0 2 4 8 E 1 T 7 9   70
  89  1057  3 6 0 5 4 2 E 8 T 1 9 7   -
  90  1069  3 0 6 4 5 E 2 8 1 T 7 9   18
  91  1081  0 3 4 6 E 5 8 2 T 1 9 7   -
  92  1093  3 0 6 4 5 E 2 8 T 9 1 7   9
  93  1105  0 3 4 6 E 5 8 2 9 T 7 1   -
  94  1117  0 4 3 E 6 8 5 9 2 T 1 7   10
  95  1129  4 0 E 3 8 6 9 5 T 2 7 1   -
  96  1141  0 4 3 E 6 8 5 9 2 T 7 1   E
  97  1153  4 0 E 3 8 6 9 5 T 2 1 7   -
  98  1165  4 E 0 8 3 9 6 T 5 2 7 1   10
  99  1177  E 4 8 0 9 3 T 6 2 5 1 7   -
 100  1189  4 E 0 8 3 9 6 T 2 1 5 7   9
 101  1201  E 4 8 0 9 3 T 6 1 2 7 5   -
 102  1213  E 8 4 9 0 T 3 6 2 1 5 7   18
 103  1225  8 E 9 4 T 0 6 3 1 2 7 5   -
 104  1237  E 8 4 9 0 T 6 1 3 2 5 7   70
 105  1249  8 E 9 4 T 0 1 6 2 3 7 5   -
 106  1261  8 9 E T 4 0 6 1 2 7 3 5   169
 107  1273  9 8 T E 0 4 1 6 7 2 5 3   -
 108  1285  8 9 E T 0 1 4 6 2 7 3 5   58
 109  1297  9 8 T E 1 0 6 4 7 2 5 3   -
 110  1309  9 T 8 E 0 1 6 7 4 5 2 3   147
 111  1321  T 9 E 8 1 0 7 6 5 4 3 2   -
 112  1333  9 T E 1 8 0 6 7 4 5 2 3   36
 113  1345  T 9 1 E 0 8 7 6 5 4 3 2   -
 114  1357  T 9 E 1 0 7 8 5 6 3 4 2   125
 115  1369  9 T 1 E 7 0 5 8 3 6 2 4   -
 116  1381  9 1 T E 0 7 8 5 6 3 4 2   14
 117  1393  1 9 E T 7 0 5 8 3 6 2 4   -
 118  1405  9 1 E 7 T 5 0 3 8 2 6 4   3
 119  1417  1 9 7 E 5 T 3 0 2 8 4 6   -
 120  1429  1 9 E 7 T 5 0 3 8 2 6 4   12
 121  1441  9 1 7 E 5 T 3 0 2 8 4 6   -
 122  1453  1 9 7 5 E 3 T 2 0 4 8 6   3
 123  1465  9 1 5 7 3 E 2 T 4 0 6 8   -
 124  1477  9 5 1 7 E 3 T 2 0 4 8 6   14
 125  1489  5 9 7 1 3 E 2 T 4 0 6 8   -
 126  1501  5 9 1 7 3 2 E 4 T 6 0 8   125
 127  1513  9 5 7 1 2 3 4 E 6 T 8 0   -
 128  1525  5 9 7 2 1 3 E 4 T 6 0 8   36
 129  1537  9 5 2 7 3 1 4 E 6 T 8 0   -
 130  1549  9 2 5 7 1 3 4 6 E 8 T 0   147
 131  1561  2 9 7 5 3 1 6 4 8 E 0 T   -
 132  1573  9 2 5 7 3 6 1 4 E 8 T 0   58
 133  1585  2 9 7 5 6 3 4 1 8 E 0 T   -
 134  1597  2 7 9 6 5 3 1 4 8 0 E T   169
 135  1609  7 2 6 9 3 5 4 1 0 8 T E   -
 136  1621  2 7 9 6 5 3 4 0 1 8 E T   70
 137  1633  7 2 6 9 3 5 0 4 8 1 T E   -
 138  1645  7 6 2 3 9 0 5 4 1 8 E T   18
 139  1657  6 7 3 2 0 9 4 5 8 1 T E   -
 140  1669  7 6 2 3 9 0 5 4 8 T 1 E   9
 141  1681  6 7 3 2 0 9 4 5 T 8 E 1   -
 142  1693  6 3 7 0 2 4 9 T 5 8 1 E   10
 143  1705  3 6 0 7 4 2 T 9 8 5 E 1   -
 144  1717  6 3 7 0 2 4 9 T 5 8 E 1   E
 145  1729  3 6 0 7 4 2 T 9 8 5 1 E   -
 146  1741  3 0 6 4 7 T 2 8 9 5 E 1   10
 147  1753  0 3 4 6 T 7 8 2 5 9 1 E   -
 148  1765  3 0 6 4 7 T 2 8 5 1 9 E   9
 149  1777  0 3 4 6 T 7 8 2 1 5 E 9   -
 150  1789  0 4 3 T 6 8 7 2 5 1 9 E   18
 151  1801  4 0 T 3 8 6 2 7 1 5 E 9   -
 152  1813  0 4 3 T 6 8 2 1 7 5 9 E   70
 153  1825  4 0 T 3 8 6 1 2 5 7 E 9   -
 154  1837  4 T 0 8 3 6 2 1 5 E 7 9   169
 155  1849  T 4 8 0 6 3 1 2 E 5 9 7   -
 156  1861  4 T 0 8 6 1 3 2 5 E 7 9   58
 157  1873  T 4 8 0 1 6 2 3 E 5 9 7   -
 158  1885  T 8 4 0 6 1 2 E 3 9 5 7   147
 159  1897  8 T 0 4 1 6 E 2 9 3 7 5   -
 160  1909  T 8 0 1 4 6 2 E 3 9 5 7   36
 161  1921  8 T 1 0 6 4 E 2 9 3 7 5   -
 162  1933  8 T 0 1 6 E 4 9 2 7 3 5   125
 163  1945  T 8 1 0 E 6 9 4 7 2 5 3   -
 164  1957  T 1 8 0 6 E 4 9 2 7 3 5   14
 165  1969  1 T 0 8 E 6 9 4 7 2 5 3   -
 166  1981  T 1 0 E 8 9 6 7 4 5 2 3   3
 167  1993  1 T E 0 9 8 7 6 5 4 3 2   -
 168  2005  1 T 0 E 8 9 6 7 4 5 2 3   12
 169  2017  T 1 E 0 9 8 7 6 5 4 3 2   -
 170  2029  1 T E 9 0 7 8 5 6 3 4 2   3
 171  2041  T 1 9 E 7 0 5 8 3 6 2 4   -
 172  2053  T 9 1 E 0 7 8 5 6 3 4 2   14
 173  2065  9 T E 1 7 0 5 8 3 6 2 4   -
 174  2077  9 T 1 E 7 5 0 3 8 2 6 4   125
 175  2089  T 9 E 1 5 7 3 0 2 8 4 6   -
 176  2101  9 T E 5 1 7 0 3 8 2 6 4   36
 177  2113  T 9 5 E 7 1 3 0 2 8 4 6   -
 178  2125  T 5 9 E 1 7 3 2 0 4 8 6   147
 179  2137  5 T E 9 7 1 2 3 4 0 6 8   -
 180  2149  T 5 9 E 7 2 1 3 0 4 8 6   58
 181  2161  5 T E 9 2 7 3 1 4 0 6 8   -
 182  2173  5 E T 2 9 7 1 3 4 6 0 8   169
 183  2185  E 5 2 T 7 9 3 1 6 4 8 0   -
 184  2197  5 E T 2 9 7 3 6 1 4 0 8   70
 185  2209  E 5 2 T 7 9 6 3 4 1 8 0   -
 186  2221  E 2 5 7 T 6 9 3 1 4 0 8   18
 187  2233  2 E 7 5 6 T 3 9 4 1 8 0   -
 188  2245  E 2 5 7 T 6 9 3 4 8 1 0   9
 189  2257  2 E 7 5 6 T 3 9 8 4 0 1   -
 190  2269  2 7 E 6 5 3 T 8 9 4 1 0   10
 191  2281  7 2 6 E 3 5 8 T 4 9 0 1   -
 192  2293  2 7 E 6 5 3 T 8 9 4 0 1   E
 193  2305  7 2 6 E 3 5 8 T 4 9 1 0   -
 194  2317  7 6 2 3 E 8 5 4 T 9 0 1   10
 195  2329  6 7 3 2 8 E 4 5 9 T 1 0   -
 196  2341  7 6 2 3 E 8 5 4 9 T 1 0   90E
 197  2353  6 7 3 2 8 E 4 5 1 9 0 T   ?
 198  2365  6 3 7 8 2 4 E 5 9 1 T 0   18
 199  2377  3 6 8 7 4 2 5 E 1 9 0 T   -
 200  2389  6 3 7 8 2 4 5 1 E 9 T 0   70
 201  2401  3 6 8 7 4 2 1 5 9 E 0 T   -
 202  2413  3 8 6 4 7 2 5 1 9 0 E T   169
 203  2425  8 3 4 6 2 7 1 5 0 9 T E   -
 204  2437  3 8 6 4 2 1 7 5 9 0 E T   58
 205  2449  8 3 4 6 1 2 5 7 0 9 T E   -
 206  2461  8 4 3 6 2 1 5 0 7 T 9 E   147
 207  2473  4 8 6 3 1 2 0 5 T 7 E 9   -
 208  2485  8 4 6 1 3 2 5 0 7 T 9 E   36
 209  2497  4 8 1 6 2 3 0 5 T 7 E 9   -
 210  2509  4 8 6 1 2 0 3 T 5 E 7 9   125
 211  2521  8 4 1 6 0 2 T 3 E 5 9 7   -
 212  2533  8 1 4 6 2 0 3 T 5 E 7 9   14
 213  2545  1 8 6 4 0 2 T 3 E 5 9 7   -
 214  2557  8 1 6 0 4 T 2 E 3 9 5 7   3
 215  2569  1 8 0 6 T 4 E 2 9 3 7 5   -
 216  2581  1 8 6 0 4 T 2 E 3 9 5 7   12
 217  2593  8 1 0 6 T 4 E 2 9 3 7 5   -
 218  2605  1 8 0 T 6 E 4 9 2 7 3 5   3
 219  2617  8 1 T 0 E 6 9 4 7 2 5 3   -
 220  2629  8 T 1 0 6 E 4 9 2 7 3 5   14
 221  2641  T 8 0 1 E 6 9 4 7 2 5 3   -
 222  2653  T 8 1 0 E 9 6 7 4 5 2 3   125
 223  2665  8 T 0 1 9 E 7 6 5 4 3 2   -
 224  2677  T 8 0 9 1 E 6 7 4 5 2 3   36
 225  2689  8 T 9 0 E 1 7 6 5 4 3 2   -
 226  2701  8 9 T 0 1 E 7 5 6 3 4 2   147
 227  2713  9 8 0 T E 1 5 7 3 6 2 4   -
 228  2725  8 9 T 0 E 5 1 7 6 3 4 2   58
 229  2737  9 8 0 T 5 E 7 1 3 6 2 4   -
 230  2749  9 0 8 5 T E 1 7 3 2 6 4   169
 231  2761  0 9 5 8 E T 7 1 2 3 4 6   -
 232  2773  9 0 8 5 T E 7 2 1 3 6 4   70
 233  2785  0 9 5 8 E T 2 7 3 1 4 6   -
 234  2797  0 5 9 E 8 2 T 7 1 3 6 4   18
 235  2809  5 0 E 9 2 8 7 T 3 1 4 6   -
 236  2821  0 5 9 E 8 2 T 7 3 4 1 6   9
 237  2833  5 0 E 9 2 8 7 T 4 3 6 1   -
 238  2845  5 E 0 2 9 7 8 4 T 3 1 6   10
 239  2857  E 5 2 0 7 9 4 8 3 T 6 1   -
 240  2869  5 E 0 2 9 7 8 4 T 3 6 1   E
 241  2881  E 5 2 0 7 9 4 8 3 T 1 6   -
 242  2893  E 2 5 7 0 4 9 3 8 T 6 1   10
 243  2905  2 E 7 5 4 0 3 9 T 8 1 6   -
 244  2917  E 2 5 7 0 4 9 3 T 1 8 6   9
 245  2929  2 E 7 5 4 0 3 9 1 T 6 8   -
 246  2941  2 7 E 4 5 3 0 9 T 1 8 6   18
 247  2953  7 2 4 E 3 5 9 0 1 T 6 8   -
 248  2965  2 7 E 4 5 3 9 1 0 T 8 6   70
 249  2977  7 2 4 E 3 5 1 9 T 0 6 8   -
 250  2989  7 4 2 3 E 5 9 1 T 6 0 8   169
 251  3001  4 7 3 2 5 E 1 9 6 T 8 0   -
 252  3013  7 4 2 3 5 1 E 9 T 6 0 8   58
 253  3025  4 7 3 2 1 5 9 E 6 T 8 0   -
 254  3037  4 3 7 2 5 1 9 6 E 8 T 0   147
 255  3049  3 4 2 7 1 5 6 9 8 E 0 T   -
 256  3061  4 3 2 1 7 5 9 6 E 8 T 0   36
 257  3073  3 4 1 2 5 7 6 9 8 E 0 T   -
 258  3085  3 4 2 1 5 6 7 8 9 0 E T   125
 259  3097  4 3 1 2 6 5 8 7 0 9 T E   -
 260  3109  4 1 3 2 5 6 7 8 9 0 E T   14
 261  3121  1 4 2 3 6 5 8 7 0 9 T E   -
 262  3133  4 1 2 6 3 8 5 0 7 T 9 E   3
 263  3145  1 4 6 2 8 3 0 5 T 7 E 9   -
 264  3157  1 4 2 6 3 8 5 0 7 T 9 E   12
 265  3169  4 1 6 2 8 3 0 5 T 7 E 9   -
 266  3181  1 4 6 8 2 0 3 T 5 E 7 9   3
 267  3193  4 1 8 6 0 2 T 3 E 5 9 7   -
 268  3205  4 8 1 6 2 0 3 T 5 E 7 9   14
 269  3217  8 4 6 1 0 2 T 3 E 5 9 7   -
 270  3229  8 4 1 6 0 T 2 E 3 9 5 7   125
 271  3241  4 8 6 1 T 0 E 2 9 3 7 5   -
 272  3253  8 4 6 T 1 0 2 E 3 9 5 7   36
 273  3265  4 8 T 6 0 1 E 2 9 3 7 5   -
 274  3277  4 T 8 6 1 0 E 9 2 7 3 5   147
 275  3289  T 4 6 8 0 1 9 E 7 2 5 3   -
 276  3301  4 T 8 6 0 9 1 E 2 7 3 5   58
 277  3313  T 4 6 8 9 0 E 1 7 2 5 3   -
 278  3325  T 6 4 9 8 0 1 E 7 5 2 3   169
 279  3337  6 T 9 4 0 8 E 1 5 7 3 2   -
 280  3349  T 6 4 9 8 0 E 5 1 7 2 3   70
 281  3361  6 T 9 4 0 8 5 E 7 1 3 2   -
 282  3373  6 9 T 0 4 5 8 E 1 7 2 3   18
 283  3385  9 6 0 T 5 4 E 8 7 1 3 2   -
 284  3397  6 9 T 0 4 5 8 E 7 3 1 2   9
 285  3409  9 6 0 T 5 4 E 8 3 7 2 1   -
 286  3421  9 0 6 5 T E 4 3 8 7 1 2   10
 287  3433  0 9 5 6 E T 3 4 7 8 2 1   -
 288  3445  9 0 6 5 T E 4 3 8 7 2 1   E
 289  3457  0 9 5 6 E T 3 4 7 8 1 2   -
 290  3469  0 5 9 E 6 3 T 7 4 8 2 1   10
 291  3481  5 0 E 9 3 6 7 T 8 4 1 2   -
 292  3493  0 5 9 E 6 3 T 7 8 1 4 2   9
 293  3505  5 0 E 9 3 6 7 T 1 8 2 4   -
 294  3517  5 E 0 3 9 7 6 T 8 1 4 2   18
 295  3529  E 5 3 0 7 9 T 6 1 8 2 4   -
 296  3541  5 E 0 3 9 7 T 1 6 8 4 2   70
 297  3553  E 5 3 0 7 9 1 T 8 6 2 4   -
 298  3565  E 3 5 7 0 9 T 1 8 2 6 4   169
 299  3577  3 E 7 5 9 0 1 T 2 8 4 6   -
 300  3589  E 3 5 7 9 1 0 T 8 2 6 4   58
 301  3601  3 E 7 5 1 9 T 0 2 8 4 6   -
 302  3613  3 7 E 5 9 1 T 2 0 4 8 6   147
 303  3625  7 3 5 E 1 9 2 T 4 0 6 8   -
 304  3637  3 7 5 1 E 9 T 2 0 4 8 6   36
 305  3649  7 3 1 5 9 E 2 T 4 0 6 8   -
 306  3661  7 3 5 1 9 2 E 4 T 6 0 8   125
 307  3673  3 7 1 5 2 9 4 E 6 T 8 0   -
 308  3685  3 1 7 5 9 2 E 4 T 6 0 8   14
 309  3697  1 3 5 7 2 9 4 E 6 T 8 0   -
 310  3709  3 1 5 2 7 4 9 6 E 8 T 0   3
 311  3721  1 3 2 5 4 7 6 9 8 E 0 T   -
 312  3733  1 3 2 5 7 4 9 6 E 8 T 0   1234
 313  3745  3 1 5 2 4 7 6 9 8 E 0 T   -
 314  3757  1 3 5 4 2 6 7 8 9 0 E T   3
 315  3769  3 1 4 5 6 2 8 7 0 9 T E   -
 316  3781  3 4 1 5 2 6 7 8 9 0 E T   14
 317  3793  4 3 5 1 6 2 8 7 0 9 T E   -
 318  3805  4 3 1 5 6 8 2 0 7 T 9 E   125
 319  3817  3 4 5 1 8 6 0 2 T 7 E 9   -
 320  3829  4 3 5 8 1 6 2 0 7 T 9 E   36
 321  3841  3 4 8 5 6 1 0 2 T 7 E 9   -
 322  3853  3 8 4 5 1 6 0 T 2 E 7 9   147
 323  3865  8 3 5 4 6 1 T 0 E 2 9 7   -
 324  3877  3 8 4 5 6 T 1 0 2 E 7 9   58
 325  3889  8 3 5 4 T 6 0 1 E 2 9 7   -
 326  3901  8 5 3 T 4 6 1 0 E 9 2 7   169
 327  3913  5 8 T 3 6 4 0 1 9 E 7 2   -
 328  3925  8 5 3 T 4 6 0 9 1 E 2 7   70
 329  3937  5 8 T 3 6 4 9 0 E 1 7 2   -
 330  3949  5 T 8 6 3 9 4 0 1 E 2 7   18
 331  3961  T 5 6 8 9 3 0 4 E 1 7 2   -
 332  3973  5 T 8 6 3 9 4 0 E 7 1 2   9
 333  3985  T 5 6 8 9 3 0 4 7 E 2 1   -
 334  3997  T 6 5 9 8 0 3 7 4 E 1 2   10
 335  4009  6 T 9 5 0 8 7 3 E 4 2 1   -
 336  4021  T 6 5 9 8 0 3 7 4 E 2 1   E
 337  4033  6 T 9 5 0 8 7 3 E 4 1 2   -
 338  4045  6 9 T 0 5 7 8 E 3 4 2 1   10
 339  4057  9 6 0 T 7 5 E 8 4 3 1 2   -
 340  4069  6 9 T 0 5 7 8 E 4 1 3 2   9
 341  4081  9 6 0 T 7 5 E 8 1 4 2 3   -
 342  4093  9 0 6 7 T E 5 8 4 1 3 2   18
 343  4105  0 9 7 6 E T 8 5 1 4 2 3   -
 344  4117  9 0 6 7 T E 8 1 5 4 3 2   70
 345  4129  0 9 7 6 E T 1 8 4 5 2 3   -
 346  4141  0 7 9 E 6 T 8 1 4 2 5 3   169
 347  4153  7 0 E 9 T 6 1 8 2 4 3 5   -
 348  4165  0 7 9 E T 1 6 8 4 2 5 3   58
 349  4177  7 0 E 9 1 T 8 6 2 4 3 5   -
 350  4189  7 E 0 9 T 1 8 2 6 3 4 5   147
 351  4201  E 7 9 0 1 T 2 8 3 6 5 4   -
 352  4213  7 E 9 1 0 T 8 2 6 3 4 5   36
 353  4225  E 7 1 9 T 0 2 8 3 6 5 4   -
 354  4237  E 7 9 1 T 2 0 3 8 5 6 4   125
 355  4249  7 E 1 9 2 T 3 0 5 8 4 6   -
 356  4261  7 1 E 9 T 2 0 3 8 5 6 4   14
 357  4273  1 7 9 E 2 T 3 0 5 8 4 6   -
 358  4285  7 1 9 2 E 3 T 5 0 4 8 6   3
 359  4297  1 7 2 9 3 E 5 T 4 0 6 8   -
 360  4309  1 7 9 2 E 3 T 5 0 4 8 6   12
 361  4321  7 1 2 9 3 E 5 T 4 0 6 8   -
 362  4333  1 7 2 3 9 5 E 4 T 6 0 8   3
 363  4345  7 1 3 2 5 9 4 E 6 T 8 0   -
 364  4357  7 3 1 2 9 5 E 4 T 6 0 8   14
 365  4369  3 7 2 1 5 9 4 E 6 T 8 0   -
 366  4381  3 7 1 2 5 4 9 6 E 8 T 0   125
 367  4393  7 3 2 1 4 5 6 9 8 E 0 T   -
 368  4405  3 7 2 4 1 5 9 6 E 8 T 0   36
 369  4417  7 3 4 2 5 1 6 9 8 E 0 T   -
 370  4429  7 4 3 2 1 5 6 8 9 0 E T   147
 371  4441  4 7 2 3 5 1 8 6 0 9 T E   -
 372  4453  7 4 3 2 5 8 1 6 9 0 E T   58
 373  4465  4 7 2 3 8 5 6 1 0 9 T E   -
 374  4477  4 2 7 8 3 5 1 6 0 T 9 E   169
 375  4489  2 4 8 7 5 3 6 1 T 0 E 9   -
 376  4501  4 2 7 8 3 5 6 T 1 0 9 E   70
 377  4513  2 4 8 7 5 3 T 6 0 1 E 9   -
 378  4525  2 8 4 5 7 T 3 6 1 0 9 E   18
 379  4537  8 2 5 4 T 7 6 3 0 1 E 9   -
 380  4549  2 8 4 5 7 T 3 6 0 E 1 9   9
 381  4561  8 2 5 4 T 7 6 3 E 0 9 1   -
 382  4573  8 5 2 T 4 6 7 E 3 0 1 9   10
 383  4585  5 8 T 2 6 4 E 7 0 3 9 1   -
 384  4597  8 5 2 T 4 6 7 E 3 0 9 1   E
 385  4609  5 8 T 2 6 4 E 7 0 3 1 9   -
 386  4621  5 T 8 6 2 E 4 0 7 3 9 1   10
 387  4633  T 5 6 8 E 2 0 4 3 7 1 9   -
 388  4645  5 T 8 6 2 E 4 0 3 1 7 9   9
 389  4657  T 5 6 8 E 2 0 4 1 3 9 7   -
 390  4669  T 6 5 E 8 0 2 4 3 1 7 9   18
 391  4681  6 T E 5 0 8 4 2 1 3 9 7   -
 392  4693  T 6 5 E 8 0 4 1 2 3 7 9   70
 393  4705  6 T E 5 0 8 1 4 3 2 9 7   -
 394  4717  6 E T 0 5 8 4 1 3 9 2 7   169
 395  4729  E 6 0 T 8 5 1 4 9 3 7 2   -
 396  4741  6 E T 0 8 1 5 4 3 9 2 7   58
 397  4753  E 6 0 T 1 8 4 5 9 3 7 2   -
 398  4765  E 0 6 T 8 1 4 9 5 7 3 2   147
 399  4777  0 E T 6 1 8 9 4 7 5 2 3   -
 400  4789  E 0 T 1 6 8 4 9 5 7 3 2   36
 401  4801  0 E 1 T 8 6 9 4 7 5 2 3   -
 402  4813  0 E T 1 8 9 6 7 4 5 3 2   1250
 403  4825  E 0 1 T 9 8 7 6 2 4 3 5   ?
 404  4837  E 1 0 T 8 9 6 7 4 2 5 3   14
 405  4849  1 E T 0 9 8 7 6 2 4 3 5   -
 406  4861  E 1 T 9 0 7 8 2 6 3 4 5   3
 407  4873  1 E 9 T 7 0 2 8 3 6 5 4   -
 408  4885  1 E T 9 0 7 8 2 6 3 4 5   12
 409  4897  E 1 9 T 7 0 2 8 3 6 5 4   -
 410  4909  1 E 9 7 T 2 0 3 8 5 6 4   3
 411  4921  E 1 7 9 2 T 3 0 5 8 4 6   -
 412  4933  E 7 1 9 T 2 0 3 8 5 6 4   14
 413  4945  7 E 9 1 2 T 3 0 5 8 4 6   -
 414  4957  7 E 1 9 2 3 T 5 0 4 8 6   125
 415  4969  E 7 9 1 3 2 5 T 4 0 6 8   -
 416  4981  7 E 9 3 1 2 T 5 0 4 8 6   36
 417  4993  E 7 3 9 2 1 5 T 4 0 6 8   -
 418  5005  E 3 7 9 1 2 5 4 T 6 0 8   147
 419  5017  3 E 9 7 2 1 4 5 6 T 8 0   -
 420  5029  E 3 7 9 2 4 1 5 T 6 0 8   58
 421  5041  3 E 9 7 4 2 5 1 6 T 8 0   -
 422  5053  3 9 E 4 7 2 1 5 6 8 T 0   169
 423  5065  9 3 4 E 2 7 5 1 8 6 0 T   -
 424  5077  3 9 E 4 7 2 5 8 1 6 T 0   70
 425  5089  9 3 4 E 2 7 8 5 6 1 0 T   -
 426  5101  9 4 3 2 E 8 7 5 1 6 T 0   18
 427  5113  4 9 2 3 8 E 5 7 6 1 0 T   -
 428  5125  9 4 3 2 E 8 7 5 6 0 1 T   9
 429  5137  4 9 2 3 8 E 5 7 0 6 T 1   -
 430  5149  4 2 9 8 3 5 E 0 7 6 1 T   10
 431  5161  2 4 8 9 5 3 0 E 6 7 T 1   -
 432  5173  4 2 9 8 3 5 E 0 7 6 T 1   E
 433  5185  2 4 8 9 5 3 0 E 6 7 1 T   -
 434  5197  2 8 4 5 9 0 3 6 E 7 T 1   10
 435  5209  8 2 5 4 0 9 6 3 7 E 1 T   -
 436  5221  2 8 4 5 9 0 3 6 7 1 E T   9
 437  5233  8 2 5 4 0 9 6 3 1 7 T E   -
 438  5245  8 5 2 0 4 6 9 3 7 1 E T   18
 439  5257  5 8 0 2 6 4 3 9 1 7 T E   -
 440  5269  8 5 2 0 4 6 3 1 9 7 E T   70
 441  5281  5 8 0 2 6 4 1 3 7 9 T E   -
 442  5293  5 0 8 6 2 4 3 1 7 T 9 E   169
 443  5305  0 5 6 8 4 2 1 3 T 7 E 9   -
 444  5317  5 0 8 6 4 1 2 3 7 T 9 E   58
 445  5329  0 5 6 8 1 4 3 2 T 7 E 9   -
 446  5341  0 6 5 8 4 1 3 T 2 E 7 9   147
 447  5353  6 0 8 5 1 4 T 3 E 2 9 7   -
 448  5365  0 6 8 1 5 4 3 T 2 E 7 9   36
 449  5377  6 0 1 8 4 5 T 3 E 2 9 7   -
 450  5389  6 0 8 1 4 T 5 E 3 9 2 7   125
 451  5401  0 6 1 8 T 4 E 5 9 3 7 2   -
 452  5413  0 1 6 8 4 T 5 E 3 9 2 7   14
 453  5425  1 0 8 6 T 4 E 5 9 3 7 2   -
 454  5437  0 1 8 T 6 E 4 9 5 7 3 2   3
 455  5449  1 0 T 8 E 6 9 4 7 5 2 3   -
 456  5461  1 0 8 T 6 E 4 9 5 7 3 2   12
 457  5473  0 1 T 8 E 6 9 4 7 5 2 3   -
 458  5485  1 0 T E 8 9 6 7 4 2 5 3   3
 459  5497  0 1 E T 9 8 7 6 2 4 3 5   -
 460  5509  0 E 1 T 8 9 6 7 4 2 5 3   14
 461  5521  E 0 T 1 9 8 7 6 2 4 3 5   -
 462  5533  E 0 1 T 9 7 8 2 6 3 4 5   125
 463  5545  0 E T 1 7 9 2 8 3 6 5 4   -
 464  5557  E 0 T 7 1 9 8 2 6 3 4 5   36
 465  5569  0 E 7 T 9 1 2 8 3 6 5 4   -
 466  5581  0 7 E T 1 9 2 3 8 5 6 4   147
 467  5593  7 0 T E 9 1 3 2 5 8 4 6   -
 468  5605  0 7 E T 9 3 1 2 8 5 6 4   58
 469  5617  7 0 T E 3 9 2 1 5 8 4 6   -
 470  5629  7 T 0 3 E 9 1 2 5 4 8 6   169
 471  5641  T 7 3 0 9 E 2 1 4 5 6 8   -
 472  5653  7 T 0 3 E 9 2 4 1 5 8 6   70
 473  5665  T 7 3 0 9 E 4 2 5 1 6 8   -
 474  5677  T 3 7 9 0 4 E 2 1 5 8 6   18
 475  5689  3 T 9 7 4 0 2 E 5 1 6 8   -
 476  5701  T 3 7 9 0 4 E 2 5 6 1 8   9
 477  5713  3 T 9 7 4 0 2 E 6 5 8 1   -
 478  5725  3 9 T 4 7 2 0 6 E 5 1 8   10
 479  5737  9 3 4 T 2 7 6 0 5 E 8 1   -
 480  5749  3 9 T 4 7 2 0 6 E 5 8 1   E
 481  5761  9 3 4 T 2 7 6 0 5 E 1 8   -
 482  5773  9 4 3 2 T 6 7 5 0 E 8 1   10
 483  5785  4 9 2 3 6 T 5 7 E 0 1 8   -
 484  5797  9 4 3 2 T 6 7 5 0 E 1 8   E
 485  5809  4 9 2 3 6 T 5 7 1 E 8 0   ?
 486  5821  4 2 9 6 3 5 T 7 E 1 0 8   18
 487  5833  2 4 6 9 5 3 7 T 1 E 8 0   -
 488  5845  4 2 9 6 3 5 7 1 T E 0 8   70
 489  5857  2 4 6 9 5 3 1 7 E T 8 0   -
 490  5869  2 6 4 5 9 3 7 1 E 8 T 0   169
 491  5881  6 2 5 4 3 9 1 7 8 E 0 T   -
 492  5893  2 6 4 5 3 1 9 7 E 8 T 0   58
 493  5905  6 2 5 4 1 3 7 9 8 E 0 T   -
 494  5917  6 5 2 4 3 1 7 8 9 0 E T   147
 495  5929  5 6 4 2 1 3 8 7 0 9 T E   -
 496  5941  6 5 4 1 2 3 7 8 9 0 E T   36
 497  5953  5 6 1 4 3 2 8 7 0 9 T E   -
 498  5965  5 6 4 1 3 8 2 0 7 T 9 E   125
 499  5977  6 5 1 4 8 3 0 2 T 7 E 9   -
 500  5989  6 1 5 4 3 8 2 0 7 T 9 E   14
 501  6001  1 6 4 5 8 3 0 2 T 7 E 9   -
 502  6013  6 1 4 8 5 0 3 T 2 E 7 9   3
 503  6025  1 6 8 4 0 5 T 3 E 2 9 7   -
 504  6037  1 6 4 8 5 0 3 T 2 E 7 9   12
 505  6049  6 1 8 4 0 5 T 3 E 2 9 7   -
 506  6061  1 6 8 0 4 T 5 E 3 9 2 7   3
 507  6073  6 1 0 8 T 4 E 5 9 3 7 2   -
 508  6085  6 0 1 8 4 T 5 E 3 9 2 7   14
 509  6097  0 6 8 1 T 4 E 5 9 3 7 2   -
 510  6109  0 6 1 8 T E 4 9 5 7 3 2   125
 511  6121  6 0 8 1 E T 9 4 7 5 2 3   -
 512  6133  0 6 8 E 1 T 4 9 5 7 3 2   36
 513  6145  6 0 E 8 T 1 9 4 7 5 2 3   -
 514  6157  6 0 E 8 1 T 9 7 4 2 5 3   12347
 515  6169  E 6 8 0 T 1 7 9 2 4 3 5   ?
 516  6181  6 E 0 8 T 7 1 9 4 2 5 3   58
 517  6193  E 6 8 0 7 T 9 1 2 4 3 5   -
 518  6205  E 8 6 7 0 T 1 9 2 3 4 5   169
 519  6217  8 E 7 6 T 0 9 1 3 2 5 4   -
 520  6229  E 8 6 7 0 T 9 3 1 2 4 5   70
 521  6241  8 E 7 6 T 0 3 9 2 1 5 4   -
 522  6253  8 7 E T 6 3 0 9 1 2 4 5   18
 523  6265  7 8 T E 3 6 9 0 2 1 5 4   -
 524  6277  8 7 E T 6 3 0 9 2 5 1 4   9
 525  6289  7 8 T E 3 6 9 0 5 2 4 1   -
 526  6301  7 T 8 3 E 9 6 5 0 2 1 4   10
 527  6313  T 7 3 8 9 E 5 6 2 0 4 1   -
 528  6325  7 T 8 3 E 9 6 5 0 2 4 1   E
 529  6337  T 7 3 8 9 E 5 6 2 0 1 4   -
 530  6349  T 3 7 9 8 5 E 2 6 0 4 1   10
 531  6361  3 T 9 7 5 8 2 E 0 6 1 4   -
 532  6373  T 3 7 9 8 5 E 2 0 1 6 4   9
 533  6385  3 T 9 7 5 8 2 E 1 0 4 6   -
 534  6397  3 9 T 5 7 2 8 E 0 1 6 4   18
 535  6409  9 3 5 T 2 7 E 8 1 0 4 6   -
 536  6421  3 9 T 5 7 2 E 1 8 0 6 4   70
 537  6433  9 3 5 T 2 7 1 E 0 8 4 6   -
 538  6445  9 5 3 2 T 7 E 1 0 4 8 6   169
 539  6457  5 9 2 3 7 T 1 E 4 0 6 8   -
 540  6469  9 5 3 2 7 1 T E 0 4 8 6   58
 541  6481  5 9 2 3 1 7 E T 4 0 6 8   -
 542  6493  5 2 9 3 7 1 E 4 T 6 0 8   147
 543  6505  2 5 3 9 1 7 4 E 6 T 8 0   -
 544  6517  5 2 3 1 9 7 E 4 T 6 0 8   36
 545  6529  2 5 1 3 7 9 4 E 6 T 8 0   -
 546  6541  2 5 3 1 7 4 9 6 E 8 T 0   125
 547  6553  5 2 1 3 4 7 6 9 8 E 0 T   -
 548  6565  5 1 2 3 7 4 9 6 E 8 T 0   14
 549  6577  1 5 3 2 4 7 6 9 8 E 0 T   -
 550  6589  5 1 3 4 2 6 7 8 9 0 E T   3
 551  6601  1 5 4 3 6 2 8 7 0 9 T E   -
 552  6613  1 5 3 4 2 6 7 8 9 0 E T   12
 553  6625  5 1 4 3 6 2 8 7 0 9 T E   -
 554  6637  1 5 4 6 3 8 2 0 7 T 9 E   3
 555  6649  5 1 6 4 8 3 0 2 T 7 E 9   -
 556  6661  5 6 1 4 3 8 2 0 7 T 9 E   14
 557  6673  6 5 4 1 8 3 0 2 T 7 E 9   -
 558  6685  6 5 1 4 8 0 3 T 2 E 7 9   125
 559  6697  5 6 4 1 0 8 T 3 E 2 9 7   -
 560  6709  6 5 4 0 1 8 3 T 2 E 7 9   36
 561  6721  5 6 0 4 8 1 T 3 E 2 9 7   -
 562  6733  5 0 6 4 1 8 T E 3 9 2 7   147
 563  6745  0 5 4 6 8 1 E T 9 3 7 2   -
 564  6757  5 0 6 4 8 E 1 T 3 9 2 7   58
 565  6769  0 5 4 6 E 8 T 1 9 3 7 2   -
 566  6781  0 4 5 E 6 8 1 T 9 7 3 2   169
 567  6793  4 0 E 5 8 6 T 1 7 9 2 3   -
 568  6805  0 4 5 E 6 8 T 7 1 9 3 2   70
 569  6817  4 0 E 5 8 6 7 T 9 1 2 3   -
 570  6829  4 E 0 8 5 7 6 T 1 9 3 2   18
 571  6841  E 4 8 0 7 5 T 6 9 1 2 3   -
 572  6853  4 E 0 8 5 7 6 T 9 2 1 3   9
 573  6865  E 4 8 0 7 5 T 6 2 9 3 1   -
 574  6877  E 8 4 7 0 T 5 2 6 9 1 3   10
 575  6889  8 E 7 4 T 0 2 5 9 6 3 1   -
 576  6901  E 8 4 7 0 T 5 2 6 9 3 1   E
 577  6913  8 E 7 4 T 0 2 5 9 6 1 3   -
 578  6925  8 7 E T 4 2 0 9 5 6 3 1   10
 579  6937  7 8 T E 2 4 9 0 6 5 1 3   -
 580  6949  8 7 E T 4 2 0 9 6 1 5 3   9
 581  6961  7 8 T E 2 4 9 0 1 6 3 5   -
 582  6973  7 T 8 2 E 9 4 0 6 1 5 3   18
 583  6985  T 7 2 8 9 E 0 4 1 6 3 5   -
 584  6997  7 T 8 2 E 9 0 1 4 6 5 3   70
 585  7009  T 7 2 8 9 E 1 0 6 4 3 5   -
 586  7021  T 2 7 9 8 E 0 1 6 3 4 5   169
 587  7033  2 T 9 7 E 8 1 0 3 6 5 4   -
 588  7045  T 2 7 9 E 1 8 0 6 3 4 5   58
 589  7057  2 T 9 7 1 E 0 8 3 6 5 4   -
 590  7069  2 9 T 7 E 1 0 3 8 5 6 4   147
 591  7081  9 2 7 T 1 E 3 0 5 8 4 6   -
 592  7093  2 9 7 1 T E 0 3 8 5 6 4   36
 593  7105  9 2 1 7 E T 3 0 5 8 4 6   -
 594  7117  9 2 7 1 E 3 T 5 0 4 8 6   125
 595  7129  2 9 1 7 3 E 5 T 4 0 6 8   -
 596  7141  2 1 9 7 E 3 T 5 0 4 8 6   14
 597  7153  1 2 7 9 3 E 5 T 4 0 6 8   -
 598  7165  2 1 7 3 9 5 E 4 T 6 0 8   3
 599  7177  1 2 3 7 5 9 4 E 6 T 8 0   -
 600  7189  1 3 2 7 9 5 E 4 T 6 0 8   14
 601  7201  3 1 7 2 5 9 4 E 6 T 8 0   -
 602  7213  1 3 7 5 2 4 9 6 E 8 T 0   3
 603  7225  3 1 5 7 4 2 6 9 8 E 0 T   -
 604  7237  3 5 1 7 2 4 9 6 E 8 T 0   14
 605  7249  5 3 7 1 4 2 6 9 8 E 0 T   -
 606  7261  5 3 1 7 4 6 2 8 9 0 E T   125
 607  7273  3 5 7 1 6 4 8 2 0 9 T E   -
 608  7285  5 3 7 6 1 4 2 8 9 0 E T   36
 609  7297  3 5 6 7 4 1 8 2 0 9 T E   -
 610  7309  3 6 5 7 1 4 8 0 2 T 9 E   147
 611  7321  6 3 7 5 4 1 0 8 T 2 E 9   -
 612  7333  3 6 5 7 4 0 1 8 2 T 9 E   58
 613  7345  6 3 7 5 0 4 8 1 T 2 E 9   -
 614  7357  6 7 3 0 5 4 1 8 T E 2 9   169
 615  7369  7 6 0 3 4 5 8 1 E T 9 2   -
 616  7381  6 7 3 0 5 4 8 E 1 T 2 9   70
 617  7393  7 6 0 3 4 5 E 8 T 1 9 2   -
 618  7405  7 0 6 4 3 E 5 8 1 T 2 9   18
 619  7417  0 7 4 6 E 3 8 5 T 1 9 2   -
 620  7429  7 0 6 4 3 E 5 8 T 9 1 2   9
 621  7441  0 7 4 6 E 3 8 5 9 T 2 1   -
 622  7453  0 4 7 E 6 8 3 9 5 T 1 2   10
 623  7465  4 0 E 7 8 6 9 3 T 5 2 1   -
 624  7477  0 4 7 E 6 8 3 9 5 T 2 1   E
 625  7489  4 0 E 7 8 6 9 3 T 5 1 2   -
 626  7501  4 E 0 8 7 9 6 T 3 5 2 1   10
 627  7513  E 4 8 0 9 7 T 6 5 3 1 2   -
 628  7525  4 E 0 8 7 9 6 T 5 1 3 2   9
 629  7537  E 4 8 0 9 7 T 6 1 5 2 3   -
 630  7549  E 8 4 9 0 T 7 6 5 1 3 2   18
 631  7561  8 E 9 4 T 0 6 7 1 5 2 3   -
 632  7573  E 8 4 9 0 T 6 1 7 5 3 2   70
 633  7585  8 E 9 4 T 0 1 6 5 7 2 3   -
 634  7597  8 9 E T 4 0 6 1 7 5 2 3   16E
 635  7609  9 8 T E 0 4 1 6 2 5 3 7   ?
 636  7621  8 9 E T 0 1 4 6 5 2 7 3   58
 637  7633  9 8 T E 1 0 6 4 2 5 3 7   -
 638  7645  9 T 8 E 0 1 6 2 4 3 5 7   147
 639  7657  T 9 E 8 1 0 2 6 3 4 7 5   -
 640  7669  9 T E 1 8 0 6 2 4 3 5 7   36
 641  7681  T 9 1 E 0 8 2 6 3 4 7 5   -
 642  7693  T 9 E 1 0 2 8 3 6 7 4 5   125
 643  7705  9 T 1 E 2 0 3 8 7 6 5 4   -
 644  7717  9 1 T E 0 2 8 3 6 7 4 5   14
 645  7729  1 9 E T 2 0 3 8 7 6 5 4   -
 646  7741  9 1 E 2 T 3 0 7 8 5 6 4   3
 647  7753  1 9 2 E 3 T 7 0 5 8 4 6   -
 648  7765  1 9 E 2 T 3 0 7 8 5 6 4   12
 649  7777  9 1 2 E 3 T 7 0 5 8 4 6   -
 650  7789  1 9 2 3 E 7 T 5 0 4 8 6   3
 651  7801  9 1 3 2 7 E 5 T 4 0 6 8   -
 652  7813  9 3 1 2 E 7 T 5 0 4 8 6   14
 653  7825  3 9 2 1 7 E 5 T 4 0 6 8   -
 654  7837  3 9 1 2 7 5 E 4 T 6 0 8   125
 655  7849  9 3 2 1 5 7 4 E 6 T 8 0   -
 656  7861  3 9 2 5 1 7 E 4 T 6 0 8   36
 657  7873  9 3 5 2 7 1 4 E 6 T 8 0   -
 658  7885  9 5 3 2 1 7 4 6 E 8 T 0   147
 659  7897  5 9 2 3 7 1 6 4 8 E 0 T   -
 660  7909  9 5 3 2 7 6 1 4 E 8 T 0   58
 661  7921  5 9 2 3 6 7 4 1 8 E 0 T   -
 662  7933  5 2 9 6 3 7 1 4 8 0 E T   169
 663  7945  2 5 6 9 7 3 4 1 0 8 T E   -
 664  7957  5 2 9 6 3 7 4 0 1 8 E T   70
 665  7969  2 5 6 9 7 3 0 4 8 1 T E   -
 666  7981  2 6 5 7 9 0 3 4 1 8 E T   18
 667  7993  6 2 7 5 0 9 4 3 8 1 T E   -
 668  8005  2 6 5 7 9 0 3 4 8 T 1 E   9
 669  8017  6 2 7 5 0 9 4 3 T 8 E 1   -
 670  8029  6 7 2 0 5 4 9 T 3 8 1 E   10
 671  8041  7 6 0 2 4 5 T 9 8 3 E 1   -
 672  8053  6 7 2 0 5 4 9 T 3 8 E 1   E
 673  8065  7 6 0 2 4 5 T 9 8 3 1 E   -
 674  8077  7 0 6 4 2 T 5 8 9 3 E 1   10
 675  8089  0 7 4 6 T 2 8 5 3 9 1 E   -
 676  8101  7 0 6 4 2 T 5 8 3 1 9 E   9
 677  8113  0 7 4 6 T 2 8 5 1 3 E 9   -
 678  8125  0 4 7 T 6 8 2 5 3 1 9 E   18
 679  8137  4 0 T 7 8 6 5 2 1 3 E 9   -
 680  8149  0 4 7 T 6 8 5 1 2 3 9 E   70
 681  8161  4 0 T 7 8 6 1 5 3 2 E 9   -
 682  8173  4 T 0 8 7 6 5 1 3 E 2 9   169
 683  8185  T 4 8 0 6 7 1 5 E 3 9 2   -
 684  8197  4 T 0 8 6 1 7 5 3 E 2 9   58
 685  8209  T 4 8 0 1 6 5 7 E 3 9 2   -
 686  8221  T 8 4 0 6 1 5 E 7 9 3 2   147
 687  8233  8 T 0 4 1 6 E 5 9 7 2 3   -
 688  8245  T 8 0 1 4 6 5 E 7 9 3 2   36
 689  8257  8 T 1 0 6 4 E 5 9 7 2 3   -
 690  8269  8 T 0 1 6 E 4 9 5 2 7 3   125
 691  8281  T 8 1 0 E 6 9 4 2 5 3 7   -
 692  8293  T 1 8 0 6 E 4 9 5 2 7 3   14
 693  8305  1 T 0 8 E 6 9 4 2 5 3 7   -
 694  8317  T 1 0 E 8 9 6 2 4 3 5 7   3
 695  8329  1 T E 0 9 8 2 6 3 4 7 5   -
 696  8341  1 T 0 E 8 9 6 2 4 3 5 7   12
 697  8353  T 1 E 0 9 8 2 6 3 4 7 5   -
 698  8365  1 T E 9 0 2 8 3 6 7 4 5   3
 699  8377  T 1 9 E 2 0 3 8 7 6 5 4   -
 700  8389  T 9 1 E 0 2 8 3 6 7 4 5   14
 701  8401  9 T E 1 2 0 3 8 7 6 5 4   -
 702  8413  9 T 1 E 2 3 0 7 8 5 6 4   125
 703  8425  T 9 E 1 3 2 7 0 5 8 4 6   -
 704  8437  9 T E 3 1 2 0 7 8 5 6 4   36
 705  8449  T 9 3 E 2 1 7 0 5 8 4 6   -
 706  8461  T 3 9 E 1 2 7 5 0 4 8 6   147
 707  8473  3 T E 9 2 1 5 7 4 0 6 8   -
 708  8485  T 3 9 E 2 5 1 7 0 4 8 6   58
 709  8497  3 T E 9 5 2 7 1 4 0 6 8   -
 710  8509  3 E T 5 9 2 1 7 4 6 0 8   169
 711  8521  E 3 5 T 2 9 7 1 6 4 8 0   -
 712  8533  3 E T 5 9 2 7 6 1 4 0 8   70
 713  8545  E 3 5 T 2 9 6 7 4 1 8 0   -
 714  8557  E 5 3 2 T 6 9 7 1 4 0 8   18
 715  8569  5 E 2 3 6 T 7 9 4 1 8 0   -
 716  8581  E 5 3 2 T 6 9 7 4 8 1 0   9
 717  8593  5 E 2 3 6 T 7 9 8 4 0 1   -
 718  8605  5 2 E 6 3 7 T 8 9 4 1 0   10
 719  8617  2 5 6 E 7 3 8 T 4 9 0 1   -
 720  8629  5 2 E 6 3 7 T 8 9 4 0 1   E
 721  8641  2 5 6 E 7 3 8 T 4 9 1 0   -
 722  8653  2 6 5 7 E 8 3 4 T 9 0 1   10
 723  8665  6 2 7 5 8 E 4 3 9 T 1 0   -
 724  8677  2 6 5 7 E 8 3 4 9 1 T 0   9
 725  8689  6 2 7 5 8 E 4 3 1 9 0 T   -
 726  8701  6 7 2 8 5 4 E 3 9 1 T 0   18
 727  8713  7 6 8 2 4 5 3 E 1 9 0 T   -
 728  8725  6 7 2 8 5 4 3 1 E 9 T 0   70
 729  8737  7 6 8 2 4 5 1 3 9 E 0 T   -
 730  8749  7 8 6 4 2 5 3 1 9 0 E T   169
 731  8761  8 7 4 6 5 2 1 3 0 9 T E   -
 732  8773  7 8 6 4 5 1 2 3 9 0 E T   58
 733  8785  8 7 4 6 1 5 3 2 0 9 T E   -
 734  8797  8 4 7 6 5 1 3 0 2 T 9 E   147
 735  8809  4 8 6 7 1 5 0 3 T 2 E 9   -
 736  8821  8 4 6 1 7 5 3 0 2 T 9 E   36
 737  8833  4 8 1 6 5 7 0 3 T 2 E 9   -
 738  8845  4 8 6 1 5 0 7 T 3 E 2 9   125
 739  8857  8 4 1 6 0 5 T 7 E 3 9 2   -
 740  8869  8 1 4 6 5 0 7 T 3 E 2 9   14
 741  8881  1 8 6 4 0 5 T 7 E 3 9 2   -
 742  8893  8 1 6 0 4 T 5 E 7 9 3 2   3
 743  8905  1 8 0 6 T 4 E 5 9 7 2 3   -
 744  8917  1 8 6 0 4 T 5 E 7 9 3 2   12
 745  8929  8 1 0 6 T 4 E 5 9 7 2 3   -
 746  8941  1 8 0 T 6 E 4 9 5 2 7 3   3
 747  8953  8 1 T 0 E 6 9 4 2 5 3 7   -
 748  8965  8 T 1 0 6 E 4 9 5 2 7 3   14
 749  8977  T 8 0 1 E 6 9 4 2 5 3 7   -
 750  8989  T 8 1 0 E 9 6 2 4 3 5 7   125
 751  9001  8 T 0 1 9 E 2 6 3 4 7 5   -
 752  9013  T 8 0 9 1 E 6 2 4 3 5 7   36
 753  9025  8 T 9 0 E 1 2 6 3 4 7 5   -
 754  9037  8 9 T 0 1 E 2 3 6 7 4 5   147
 755  9049  9 8 0 T E 1 3 2 7 6 5 4   -
 756  9061  8 9 T 0 E 3 1 2 6 7 4 5   58
 757  9073  9 8 0 T 3 E 2 1 7 6 5 4   -
 758  9085  9 0 8 3 T E 1 2 7 5 6 4   169
 759  9097  0 9 3 8 E T 2 1 5 7 4 6   -
 760  9109  9 0 8 3 T E 2 5 1 7 6 4   70
 761  9121  0 9 3 8 E T 5 2 7 1 4 6   -
 762  9133  0 3 9 E 8 5 T 2 1 7 6 4   18
 763  9145  3 0 E 9 5 8 2 T 7 1 4 6   -
 764  9157  0 3 9 E 8 5 T 2 7 4 1 6   9
 765  9169  3 0 E 9 5 8 2 T 4 7 6 1   -
 766  9181  3 E 0 5 9 2 8 4 T 7 1 6   10
 767  9193  E 3 5 0 2 9 4 8 7 T 6 1   -
 768  9205  3 E 0 5 9 2 8 4 T 7 6 1   E
 769  9217  E 3 5 0 2 9 4 8 7 T 1 6   -
 770  9229  E 5 3 2 0 4 9 7 8 T 6 1   10
 771  9241  5 E 2 3 4 0 7 9 T 8 1 6   -
 772  9253  E 5 3 2 0 4 9 7 T 1 8 6   9
 773  9265  5 E 2 3 4 0 7 9 1 T 6 8   -
 774  9277  5 2 E 4 3 7 0 9 T 1 8 6   18
 775  9289  2 5 4 E 7 3 9 0 1 T 6 8   -
 776  9301  5 2 E 4 3 7 9 1 0 T 8 6   70
 777  9313  2 5 4 E 7 3 1 9 T 0 6 8   -
 778  9325  2 4 5 7 E 3 9 1 T 6 0 8   169
 779  9337  4 2 7 5 3 E 1 9 6 T 8 0   -
 780  9349  2 4 5 7 3 1 E 9 T 6 0 8   58
 781  9361  4 2 7 5 1 3 9 E 6 T 8 0   -
 782  9373  4 7 2 5 3 1 9 6 E 8 T 0   147
 783  9385  7 4 5 2 1 3 6 9 8 E 0 T   -
 784  9397  4 7 5 1 2 3 9 6 E 8 T 0   36
 785  9409  7 4 1 5 3 2 6 9 8 E 0 T   -
 786  9421  7 4 5 1 3 6 2 8 9 0 E T   125
 787  9433  4 7 1 5 6 3 8 2 0 9 T E   -
 788  9445  4 1 7 5 3 6 2 8 9 0 E T   14
 789  9457  1 4 5 7 6 3 8 2 0 9 T E   -
 790  9469  4 1 5 6 7 8 3 0 2 T 9 E   3
 791  9481  1 4 6 5 8 7 0 3 T 2 E 9   -
 792  9493  1 4 5 6 7 8 3 0 2 T 9 E   12
 793  9505  4 1 6 5 8 7 0 3 T 2 E 9   -
 794  9517  1 4 6 8 5 0 7 T 3 E 2 9   3
 795  9529  4 1 8 6 0 5 T 7 E 3 9 2   -
 796  9541  4 8 1 6 5 0 7 T 3 E 2 9   14
 797  9553  8 4 6 1 0 5 T 7 E 3 9 2   -
 798  9565  8 4 1 6 0 T 5 E 7 9 3 2   125
 799  9577  4 8 6 1 T 0 E 5 9 7 2 3   -
 800  9589  8 4 6 T 1 0 5 E 7 9 3 2   36
 801  9601  4 8 T 6 0 1 E 5 9 7 2 3   -
 802  9613  4 T 8 6 1 0 E 9 5 2 7 3   147
 803  9625  T 4 6 8 0 1 9 E 2 5 3 7   -
 804  9637  4 T 8 6 0 9 1 E 5 2 7 3   58
 805  9649  T 4 6 8 9 0 E 1 2 5 3 7   -
 806  9661  T 6 4 9 8 0 1 E 2 3 5 7   169
 807  9673  6 T 9 4 0 8 E 1 3 2 7 5   -
 808  9685  T 6 4 9 8 0 E 3 1 2 5 7   70
 809  9697  6 T 9 4 0 8 3 E 2 1 7 5   -
 810  9709  6 9 T 0 4 3 8 E 1 2 5 7   18
 811  9721  9 6 0 T 3 4 E 8 2 1 7 5   -
 812  9733  6 9 T 0 4 3 8 E 2 7 1 5   9
 813  9745  9 6 0 T 3 4 E 8 7 2 5 1   -
 814  9757  9 0 6 3 T E 4 7 8 2 1 5   10
 815  9769  0 9 3 6 E T 7 4 2 8 5 1   -
 816  9781  9 0 6 3 T E 4 7 8 2 5 1   E
 817  9793  0 9 3 6 E T 7 4 2 8 1 5   -
 818  9805  0 3 9 E 6 7 T 2 4 8 5 1   10
 819  9817  3 0 E 9 7 6 2 T 8 4 1 5   -
 820  9829  0 3 9 E 6 7 T 2 8 1 4 5   9
 821  9841  3 0 E 9 7 6 2 T 1 8 5 4   -
 822  9853  3 E 0 7 9 2 6 T 8 1 4 5   18
 823  9865  E 3 7 0 2 9 T 6 1 8 5 4   -
 824  9877  3 E 0 7 9 2 T 1 6 8 4 5   70
 825  9889  E 3 7 0 2 9 1 T 8 6 5 4   -
 826  9901  E 7 3 2 0 9 T 1 8 5 6 4   169
 827  9913  7 E 2 3 9 0 1 T 5 8 4 6   -
 828  9925  E 7 3 2 9 1 0 T 8 5 6 4   58
 829  9937  7 E 2 3 1 9 T 0 5 8 4 6   -
 830  9949  7 2 E 3 9 1 T 5 0 4 8 6   147
 831  9961  2 7 3 E 1 9 5 T 4 0 6 8   -
 832  9973  7 2 3 1 E 9 T 5 0 4 8 6   36
 833  9985  2 7 1 3 9 E 5 T 4 0 6 8   -
 834  9997  2 7 3 1 9 5 E 4 T 6 0 8   125
 835 10009  7 2 1 3 5 9 4 E 6 T 8 0   -
 836 10021  7 1 2 3 9 5 E 4 T 6 0 8   14
 837 10033  1 7 3 2 5 9 4 E 6 T 8 0   -
 838 10045  7 1 3 5 2 4 9 6 E 8 T 0   3
 839 10057  1 7 5 3 4 2 6 9 8 E 0 T   -
 840 10069  1 5 7 3 2 4 9 6 E 8 T 0   14
 841 10081  5 1 3 7 4 2 6 9 8 E 0 T   -
 842 10093  1 5 3 4 7 6 2 8 9 0 E T   3
 843 10105  5 1 4 3 6 7 8 2 0 9 T E   -
 844 10117  5 4 1 3 7 6 2 8 9 0 E T   14
 845 10129  4 5 3 1 6 7 8 2 0 9 T E   -
 846 10141  4 5 1 3 6 8 7 0 2 T 9 E   125
 847 10153  5 4 3 1 8 6 0 7 T 2 E 9   -
 848 10165  4 5 3 8 1 6 7 0 2 T 9 E   36
 849 10177  5 4 8 3 6 1 0 7 T 2 E 9   -
 850 10189  5 8 4 3 1 6 0 T 7 E 2 9   147
 851 10201  8 5 3 4 6 1 T 0 E 7 9 2   -
 852 10213  5 8 4 3 6 T 1 0 7 E 2 9   58
 853 10225  8 5 3 4 T 6 0 1 E 7 9 2   -
 854 10237  8 3 5 T 4 6 1 0 E 9 7 2   169
 855 10249  3 8 T 5 6 4 0 1 9 E 2 7   -
 856 10261  8 3 5 T 4 6 0 9 1 E 7 2   70
 857 10273  3 8 T 5 6 4 9 0 E 1 2 7   -
 858 10285  3 T 8 6 5 9 4 0 1 E 7 2   18
 859 10297  T 3 6 8 9 5 0 4 E 1 2 7   -
 860 10309  3 T 8 6 5 9 4 0 E 2 1 7   9
 861 10321  T 3 6 8 9 5 0 4 2 E 7 1   -
 862 10333  T 6 3 9 8 0 5 2 4 E 1 7   10
 863 10345  6 T 9 3 0 8 2 5 E 4 7 1   -
 864 10357  T 6 3 9 8 0 5 2 4 E 7 1   E
 865 10369  6 T 9 3 0 8 2 5 E 4 1 7   -
 866 10381  6 9 T 0 3 2 8 E 5 4 7 1   10
 867 10393  9 6 0 T 2 3 E 8 4 5 1 7   -
 868 10405  6 9 T 0 3 2 8 E 4 1 5 7   9
 869 10417  9 6 0 T 2 3 E 8 1 4 7 5   -
 870 10429  9 0 6 2 T E 3 8 4 1 5 7   18
 871 10441  0 9 2 6 E T 8 3 1 4 7 5   -
 872 10453  9 0 6 2 T E 8 1 3 4 5 7   70
 873 10465  0 9 2 6 E T 1 8 4 3 7 5   -
 874 10477  0 2 9 E 6 T 8 1 4 7 3 5   169
 875 10489  2 0 E 9 T 6 1 8 7 4 5 3   -
 876 10501  0 2 9 E T 1 6 8 4 7 3 5   58
 877 10513  2 0 E 9 1 T 8 6 7 4 5 3   -
 878 10525  2 E 0 9 T 1 8 7 6 5 4 3   147
 879 10537  E 2 9 0 1 T 7 8 5 6 3 4   -
 880 10549  2 E 9 1 0 T 8 7 6 5 4 3   36
 881 10561  E 2 1 9 T 0 7 8 5 6 3 4   -
 882 10573  E 2 9 1 T 7 0 5 8 3 6 4   125
 883 10585  2 E 1 9 7 T 5 0 3 8 4 6   -
 884 10597  2 1 E 9 T 7 0 5 8 3 6 4   14
 885 10609  1 2 9 E 7 T 5 0 3 8 4 6   -
 886 10621  2 1 9 7 E 5 T 3 0 4 8 6   3
 887 10633  1 2 7 9 5 E 3 T 4 0 6 8   -
 888 10645  1 2 9 7 E 5 T 3 0 4 8 6   12
 889 10657  2 1 7 9 5 E 3 T 4 0 6 8   -
 890 10669  1 2 7 5 9 3 E 4 T 6 0 8   3
 891 10681  2 1 5 7 3 9 4 E 6 T 8 0   -
 892 10693  2 5 1 7 9 3 E 4 T 6 0 8   14
 893 10705  5 2 7 1 3 9 4 E 6 T 8 0   -
 894 10717  5 2 1 7 3 4 9 6 E 8 T 0   125
 895 10729  2 5 7 1 4 3 6 9 8 E 0 T   -
 896 10741  5 2 7 4 1 3 9 6 E 8 T 0   36
 897 10753  2 5 4 7 3 1 6 9 8 E 0 T   -
 898 10765  2 4 5 7 1 3 6 8 9 0 E T   147
 899 10777  4 2 7 5 3 1 8 6 0 9 T E   -
 900 10789  2 4 5 7 3 8 1 6 9 0 E T   58
 901 10801  4 2 7 5 8 3 6 1 0 9 T E   -
 902 10813  4 7 2 8 5 3 1 6 0 T 9 E   169
 903 10825  7 4 8 2 3 5 6 1 T 0 E 9   -
 904 10837  4 7 2 8 5 3 6 T 1 0 9 E   70
 905 10849  7 4 8 2 3 5 T 6 0 1 E 9   -
 906 10861  7 8 4 3 2 T 5 6 1 0 9 E   18
 907 10873  8 7 3 4 T 2 6 5 0 1 E 9   -
 908 10885  7 8 4 3 2 T 5 6 0 E 1 9   9
 909 10897  8 7 3 4 T 2 6 5 E 0 9 1   -
 910 10909  8 3 7 T 4 6 2 E 5 0 1 9   10
 911 10921  3 8 T 7 6 4 E 2 0 5 9 1   -
 912 10933  8 3 7 T 4 6 2 E 5 0 9 1   E
 913 10945  3 8 T 7 6 4 E 2 0 5 1 9   -
 914 10957  3 T 8 6 7 E 4 0 2 5 9 1   10
 915 10969  T 3 6 8 E 7 0 4 5 2 1 9   -
 916 10981  3 T 8 6 7 E 4 0 5 1 2 9   9
 917 10993  T 3 6 8 E 7 0 4 1 5 9 2   -
 918 11005  T 6 3 E 8 0 7 4 5 1 2 9   18
 919 11017  6 T E 3 0 8 4 7 1 5 9 2   -
 920 11029  T 6 3 E 8 0 4 1 7 5 2 9   70
 921 11041  6 T E 3 0 8 1 4 5 7 9 2   -
 922 11053  6 E T 0 3 8 4 1 5 9 7 2   169
 923 11065  E 6 0 T 8 3 1 4 9 5 2 7   -
 924 11077  6 E T 0 8 1 3 4 5 9 7 2   58
 925 11089  E 6 0 T 1 8 4 3 9 5 2 7   -
 926 11101  E 0 6 T 8 1 4 9 3 2 5 7   147
 927 11113  0 E T 6 1 8 9 4 2 3 7 5   -
 928 11125  E 0 T 1 6 8 4 9 3 2 5 7   36
 929 11137  0 E 1 T 8 6 9 4 2 3 7 5   -
 930 11149  0 E T 1 8 9 6 2 4 7 3 5   125
 931 11161  E 0 1 T 9 8 2 6 7 4 5 3   -
 932 11173  E 1 0 T 8 9 6 2 4 7 3 5   14
 933 11185  1 E T 0 9 8 2 6 7 4 5 3   -
 934 11197  E 1 T 9 0 2 8 7 6 5 4 3   3
 935 11209  1 E 9 T 2 0 7 8 5 6 3 4   -
 936 11221  1 E T 9 0 2 8 7 6 5 4 3   12
 937 11233  E 1 9 T 2 0 7 8 5 6 3 4   -
 938 11245  1 E 9 2 T 7 0 5 8 3 6 4   3
 939 11257  E 1 2 9 7 T 5 0 3 8 4 6   -
 940 11269  E 2 1 9 T 7 0 5 8 3 6 4   14
 941 11281  2 E 9 1 7 T 5 0 3 8 4 6   -
 942 11293  2 E 1 9 7 5 T 3 0 4 8 6   125
 943 11305  E 2 9 1 5 7 3 T 4 0 6 8   -
 944 11317  2 E 9 5 1 7 T 3 0 4 8 6   36
 945 11329  E 2 5 9 7 1 3 T 4 0 6 8   -
 946 11341  E 2 5 9 1 7 3 4 T 6 0 8   12347
 947 11353  5 E 9 2 7 1 4 3 6 T 8 0   ?
 948 11365  E 5 2 9 7 4 1 3 T 6 0 8   58
 949 11377  5 E 9 2 4 7 3 1 6 T 8 0   -
 950 11389  5 9 E 4 2 7 1 3 6 8 T 0   169
 951 11401  9 5 4 E 7 2 3 1 8 6 0 T   -
 952 11413  5 9 E 4 2 7 3 8 1 6 T 0   70
 953 11425  9 5 4 E 7 2 8 3 6 1 0 T   -
 954 11437  9 4 5 7 E 8 2 3 1 6 T 0   18
 955 11449  4 9 7 5 8 E 3 2 6 1 0 T   -
 956 11461  9 4 5 7 E 8 2 3 6 0 1 T   9
 957 11473  4 9 7 5 8 E 3 2 0 6 T 1   -
 958 11485  4 7 9 8 5 3 E 0 2 6 1 T   10
 959 11497  7 4 8 9 3 5 0 E 6 2 T 1   -
 960 11509  4 7 9 8 5 3 E 0 2 6 T 1   E
 961 11521  7 4 8 9 3 5 0 E 6 2 1 T   -
 962 11533  7 8 4 3 9 0 5 6 E 2 T 1   10
 963 11545  8 7 3 4 0 9 6 5 2 E 1 T   -
 964 11557  7 8 4 3 9 0 5 6 2 1 E T   9
 965 11569  8 7 3 4 0 9 6 5 1 2 T E   -
 966 11581  8 3 7 0 4 6 9 5 2 1 E T   18
 967 11593  3 8 0 7 6 4 5 9 1 2 T E   -
 968 11605  8 3 7 0 4 6 5 1 9 2 E T   70
 969 11617  3 8 0 7 6 4 1 5 2 9 T E   -
 970 11629  3 0 8 6 7 4 5 1 2 T 9 E   169
 971 11641  0 3 6 8 4 7 1 5 T 2 E 9   -
 972 11653  3 0 8 6 4 1 7 5 2 T 9 E   58
 973 11665  0 3 6 8 1 4 5 7 T 2 E 9   -
 974 11677  0 6 3 8 4 1 5 T 7 E 2 9   147
 975 11689  6 0 8 3 1 4 T 5 E 7 9 2   -
 976 11701  0 6 8 1 3 4 5 T 7 E 2 9   36
 977 11713  6 0 1 8 4 3 T 5 E 7 9 2   -
 978 11725  6 0 8 1 4 T 3 E 5 9 7 2   125
 979 11737  0 6 1 8 T 4 E 3 9 5 2 7   -
 980 11749  0 1 6 8 4 T 3 E 5 9 7 2   14
 981 11761  1 0 8 6 T 4 E 3 9 5 2 7   -
 982 11773  0 1 8 T 6 E 4 9 3 2 5 7   3
 983 11785  1 0 T 8 E 6 9 4 2 3 7 5   -
 984 11797  1 0 8 T 6 E 4 9 3 2 5 7   12
 985 11809  0 1 T 8 E 6 9 4 2 3 7 5   -
 986 11821  1 0 T E 8 9 6 2 4 7 3 5   3
 987 11833  0 1 E T 9 8 2 6 7 4 5 3   -
 988 11845  0 E 1 T 8 9 6 2 4 7 3 5   14
 989 11857  E 0 T 1 9 8 2 6 7 4 5 3   -
 990 11869  E 0 1 T 9 2 8 7 6 5 4 3   125
 991 11881  0 E T 1 2 9 7 8 5 6 3 4   -
 992 11893  E 0 T 2 1 9 8 7 6 5 4 3   36
 993 11905  0 E 2 T 9 1 7 8 5 6 3 4   -
 994 11917  0 2 E T 1 9 7 5 8 3 6 4   147
 995 11929  2 0 T E 9 1 5 7 3 8 4 6   -
 996 11941  0 2 E T 9 5 1 7 8 3 6 4   58
 997 11953  2 0 T E 5 9 7 1 3 8 4 6   -
 998 11965  2 T 0 5 E 9 1 7 3 4 8 6   169
 999 11977  T 2 5 0 9 E 7 1 4 3 6 8   -
1000 11989  2 T 0 5 E 9 7 4 1 3 8 6   70
1001 12001  T 2 5 0 9 E 4 7 3 1 6 8   -
1002 12013  T 5 2 9 0 4 E 7 1 3 8 6   18
1003 12025  5 T 9 2 4 0 7 E 3 1 6 8   -
1004 12037  T 5 2 9 0 4 E 7 3 6 1 8   9
1005 12049  5 T 9 2 4 0 7 E 6 3 8 1   -
1006 12061  5 9 T 4 2 7 0 6 E 3 1 8   10
1007 12073  9 5 4 T 7 2 6 0 3 E 8 1   -
1008 12085  5 9 T 4 2 7 0 6 E 3 8 1   E
1009 12097  9 5 4 T 7 2 6 0 3 E 1 8   -
1010 12109  9 4 5 7 T 6 2 3 0 E 8 1   10
1011 12121  4 9 7 5 6 T 3 2 E 0 1 8   -
1012 12133  9 4 5 7 T 6 2 3 E 1 0 8   9
1013 12145  4 9 7 5 6 T 3 2 1 E 8 0   -
1014 12157  4 7 9 6 5 3 T 2 E 1 0 8   18
1015 12169  7 4 6 9 3 5 2 T 1 E 8 0   -
1016 12181  4 7 9 6 5 3 2 1 T E 0 8   70
1017 12193  7 4 6 9 3 5 1 2 E T 8 0   -
1018 12205  7 6 4 3 9 5 2 1 E 8 T 0   169
1019 12217  6 7 3 4 5 9 1 2 8 E 0 T   -
1020 12229  7 6 4 3 5 1 9 2 E 8 T 0   58
1021 12241  6 7 3 4 1 5 2 9 8 E 0 T   -
1022 12253  6 3 7 4 5 1 2 8 9 0 E T   147
1023 12265  3 6 4 7 1 5 8 2 0 9 T E   -
1024 12277  6 3 4 1 7 5 2 8 9 0 E T   36
1025 12289  3 6 1 4 5 7 8 2 0 9 T E   -
1026 12301  3 6 4 1 5 8 7 0 2 T 9 E   125
1027 12313  6 3 1 4 8 5 0 7 T 2 E 9   -
1028 12325  6 1 3 4 5 8 7 0 2 T 9 E   14
1029 12337  1 6 4 3 8 5 0 7 T 2 E 9   -
1030 12349  6 1 4 8 3 0 5 T 7 E 2 9   3
1031 12361  1 6 8 4 0 3 T 5 E 7 9 2   -
1032 12373  1 6 4 8 3 0 5 T 7 E 2 9   12
1033 12385  6 1 8 4 0 3 T 5 E 7 9 2   -
1034 12397  1 6 8 0 4 T 3 E 5 9 7 2   3
1035 12409  6 1 0 8 T 4 E 3 9 5 2 7   -
1036 12421  6 0 1 8 4 T 3 E 5 9 7 2   14
1037 12433  0 6 8 1 T 4 E 3 9 5 2 7   -
1038 12445  0 6 1 8 T E 4 9 3 2 5 7   125
1039 12457  6 0 8 1 E T 9 4 2 3 7 5   -
1040 12469  0 6 8 E 1 T 4 9 3 2 5 7   36
1041 12481  6 0 E 8 T 1 9 4 2 3 7 5   -
1042 12493  6 E 0 8 1 T 9 2 4 7 3 5   147
1043 12505  E 6 8 0 T 1 2 9 7 4 5 3   -
1044 12517  6 E 0 8 T 2 1 9 4 7 3 5   58
1045 12529  E 6 8 0 2 T 9 1 7 4 5 3   -
1046 12541  E 8 6 2 0 T 1 9 7 5 4 3   169
1047 12553  8 E 2 6 T 0 9 1 5 7 3 4   -
1048 12565  E 8 6 2 0 T 9 5 1 7 4 3   70
1049 12577  8 E 2 6 T 0 5 9 7 1 3 4   -
1050 12589  8 2 E T 6 5 0 9 1 7 4 3   18
1051 12601  2 8 T E 5 6 9 0 7 1 3 4   -
1052 12613  8 2 E T 6 5 0 9 7 3 1 4   9
1053 12625  2 8 T E 5 6 9 0 3 7 4 1   -
1054 12637  2 T 8 5 E 9 6 3 0 7 1 4   10
1055 12649  T 2 5 8 9 E 3 6 7 0 4 1   -
1056 12661  2 T 8 5 E 9 6 3 0 7 4 1   E
1057 12673  T 2 5 8 9 E 3 6 7 0 1 4   -
1058 12685  T 5 2 9 8 3 E 7 6 0 4 1   10
1059 12697  5 T 9 2 3 8 7 E 0 6 1 4   -
1060 12709  T 5 2 9 8 3 E 7 0 1 6 4   9
1061 12721  5 T 9 2 3 8 7 E 1 0 4 6   -
1062 12733  5 9 T 3 2 7 8 E 0 1 6 4   18
1063 12745  9 5 3 T 7 2 E 8 1 0 4 6   -
1064 12757  5 9 T 3 2 7 E 1 8 0 6 4   70
1065 12769  9 5 3 T 7 2 1 E 0 8 4 6   -
1066 12781  9 3 5 7 T 2 E 1 0 4 8 6   169
1067 12793  3 9 7 5 2 T 1 E 4 0 6 8   -
1068 12805  9 3 5 7 2 1 T E 0 4 8 6   58
1069 12817  3 9 7 5 1 2 E T 4 0 6 8   -
1070 12829  3 7 9 5 2 1 E 4 T 6 0 8   147
1071 12841  7 3 5 9 1 2 4 E 6 T 8 0   -
1072 12853  3 7 5 1 9 2 E 4 T 6 0 8   36
1073 12865  7 3 1 5 2 9 4 E 6 T 8 0   -
1074 12877  7 3 5 1 2 4 9 6 E 8 T 0   125
1075 12889  3 7 1 5 4 2 6 9 8 E 0 T   -
1076 12901  3 1 7 5 2 4 9 6 E 8 T 0   14
1077 12913  1 3 5 7 4 2 6 9 8 E 0 T   -
1078 12925  3 1 5 4 7 6 2 8 9 0 E T   3
1079 12937  1 3 4 5 6 7 8 2 0 9 T E   -
1080 12949  1 3 5 4 7 6 2 8 9 0 E T   12
1081 12961  3 1 4 5 6 7 8 2 0 9 T E   -
1082 12973  1 3 4 6 5 8 7 0 2 T 9 E   3
1083 12985  3 1 6 4 8 5 0 7 T 2 E 9   -
1084 12997  3 6 1 4 5 8 7 0 2 T 9 E   14
1085 13009  6 3 4 1 8 5 0 7 T 2 E 9   -
1086 13021  6 3 1 4 8 0 5 T 7 E 2 9   125
1087 13033  3 6 4 1 0 8 T 5 E 7 9 2   -
1088 13045  6 3 4 0 1 8 5 T 7 E 2 9   36
1089 13057  3 6 0 4 8 1 T 5 E 7 9 2   -
1090 13069  3 0 6 4 1 8 T E 5 9 7 2   147
1091 13081  0 3 4 6 8 1 E T 9 5 2 7   -
1092 13093  3 0 6 4 8 E 1 T 5 9 7 2   58
1093 13105  0 3 4 6 E 8 T 1 9 5 2 7   -
1094 13117  0 4 3 E 6 8 1 T 9 2 5 7   169
1095 13129  4 0 E 3 8 6 T 1 2 9 7 5   -
1096 13141  0 4 3 E 6 8 T 2 1 9 5 7   70
1097 13153  4 0 E 3 8 6 2 T 9 1 7 5   -
1098 13165  4 E 0 8 3 2 6 T 1 9 5 7   18
1099 13177  E 4 8 0 2 3 T 6 9 1 7 5   -
1100 13189  4 E 0 8 3 2 6 T 9 7 1 5   9
1101 13201  E 4 8 0 2 3 T 6 7 9 5 1   -
1102 13213  E 8 4 2 0 T 3 7 6 9 1 5   10
1103 13225  8 E 2 4 T 0 7 3 9 6 5 1   -
1104 13237  E 8 4 2 0 T 3 7 6 9 5 1   E
1105 13249  8 E 2 4 T 0 7 3 9 6 1 5   -
1106 13261  8 2 E T 4 7 0 9 3 6 5 1   10
1107 13273  2 8 T E 7 4 9 0 6 3 1 5   -
1108 13285  8 2 E T 4 7 0 9 6 1 3 5   9
1109 13297  2 8 T E 7 4 9 0 1 6 5 3   -
1110 13309  2 T 8 7 E 9 4 0 6 1 3 5   18
1111 13321  T 2 7 8 9 E 0 4 1 6 5 3   -
1112 13333  2 T 8 7 E 9 0 1 4 6 3 5   70
1113 13345  T 2 7 8 9 E 1 0 6 4 5 3   -
1114 13357  T 7 2 9 8 E 0 1 6 5 4 3   169
1115 13369  7 T 9 2 E 8 1 0 5 6 3 4   -
1116 13381  T 7 2 9 E 1 8 0 6 5 4 3   58
1117 13393  7 T 9 2 1 E 0 8 5 6 3 4   -
1118 13405  7 9 T 2 E 1 0 5 8 3 6 4   147
1119 13417  9 7 2 T 1 E 5 0 3 8 4 6   -
1120 13429  7 9 2 1 T E 0 5 8 3 6 4   36
1121 13441  9 7 1 2 E T 5 0 3 8 4 6   -
1122 13453  9 7 2 1 E 5 T 3 0 4 8 6   125
1123 13465  7 9 1 2 5 E 3 T 4 0 6 8   -
1124 13477  7 1 9 2 E 5 T 3 0 4 8 6   14
1125 13489  1 7 2 9 5 E 3 T 4 0 6 8   -
1126 13501  7 1 2 5 9 3 E 4 T 6 0 8   3
1127 13513  1 7 5 2 3 9 4 E 6 T 8 0   -
1128 13525  1 5 7 2 9 3 E 4 T 6 0 8   14
1129 13537  5 1 2 7 3 9 4 E 6 T 8 0   -
1130 13549  1 5 2 3 7 4 9 6 E 8 T 0   3
1131 13561  5 1 2 3 4 7 6 9 8 E 0 T   34
1132 13573  5 3 1 2 7 4 9 6 E 8 T 0   ?
1133 13585  3 5 2 1 4 7 6 9 8 E 0 T   -
1134 13597  3 5 1 2 4 6 7 8 9 0 E T   125
1135 13609  5 3 2 1 6 4 8 7 0 9 T E   -
1136 13621  3 5 2 6 1 4 7 8 9 0 E T   36
1137 13633  5 3 6 2 4 1 8 7 0 9 T E   -
1138 13645  5 6 3 2 1 4 8 0 7 T 9 E   147
1139 13657  6 5 2 3 4 1 0 8 T 7 E 9   -
1140 13669  5 6 3 2 4 0 1 8 7 T 9 E   58
1141 13681  6 5 2 3 0 4 8 1 T 7 E 9   -
1142 13693  6 2 5 0 3 4 1 8 T E 7 9   169
1143 13705  2 6 0 5 4 3 8 1 E T 9 7   -
1144 13717  6 2 5 0 3 4 8 E 1 T 7 9   70
1145 13729  2 6 0 5 4 3 E 8 T 1 9 7   -
1146 13741  2 0 6 4 5 E 3 8 1 T 7 9   18
1147 13753  0 2 4 6 E 5 8 3 T 1 9 7   -
1148 13765  2 0 6 4 5 E 3 8 T 9 1 7   9
1149 13777  0 2 4 6 E 5 8 3 9 T 7 1   -
1150 13789  0 4 2 E 6 8 5 9 3 T 1 7   10
1151 13801  4 0 E 2 8 6 9 5 T 3 7 1   -
1152 13813  0 4 2 E 6 8 5 9 3 T 7 1   E
1153 13825  4 0 E 2 8 6 9 5 T 3 1 7   -
1154 13837  4 E 0 8 2 9 6 T 5 3 7 1   10
1155 13849  E 4 8 0 9 2 T 6 3 5 1 7   -
1156 13861  4 E 0 8 2 9 6 T 3 1 5 7   9
1157 13873  E 4 8 0 9 2 T 6 1 3 7 5   -
1158 13885  E 8 4 9 0 T 2 6 3 1 5 7   18
1159 13897  8 E 9 4 T 0 6 2 1 3 7 5   -
1160 13909  E 8 4 9 0 T 6 1 2 3 5 7   70
1161 13921  8 E 9 4 T 0 1 6 3 2 7 5   -
1162 13933  8 9 E T 4 0 6 1 3 7 2 5   169
1163 13945  9 8 T E 0 4 1 6 7 3 5 2   -
1164 13957  8 9 E T 0 1 4 6 3 7 2 5   58
1165 13969  9 8 T E 1 0 6 4 7 3 5 2   -
1166 13981  9 T 8 E 0 1 6 7 4 5 3 2   147
1167 13993  T 9 E 8 1 0 7 6 5 4 2 3   -
1168 14005  9 T E 1 8 0 6 7 4 5 3 2   36
1169 14017  T 9 1 E 0 8 7 6 5 4 2 3   -
1170 14029  T 9 E 1 0 7 8 5 6 2 4 3   125
1171 14041  9 T 1 E 7 0 5 8 2 6 3 4   -
1172 14053  9 1 T E 0 7 8 5 6 2 4 3   14
1173 14065  1 9 E T 7 0 5 8 2 6 3 4   -
1174 14077  9 1 E 7 T 5 0 2 8 3 6 4   3
1175 14089  1 9 7 E 5 T 2 0 3 8 4 6   -
1176 14101  1 9 E 7 T 5 0 2 8 3 6 4   12
1177 14113  9 1 7 E 5 T 2 0 3 8 4 6   -
1178 14125  1 9 7 5 E 2 T 3 0 4 8 6   3
1179 14137  9 1 5 7 2 E 3 T 4 0 6 8   -
1180 14149  9 5 1 7 E 2 T 3 0 4 8 6   14
1181 14161  5 9 7 1 2 E 3 T 4 0 6 8   -
1182 14173  5 9 1 7 2 3 E 4 T 6 0 8   125
1183 14185  9 5 7 1 3 2 4 E 6 T 8 0   -
1184 14197  5 9 7 3 1 2 E 4 T 6 0 8   36
1185 14209  9 5 3 7 2 1 4 E 6 T 8 0   -
1186 14221  9 3 5 7 1 2 4 6 E 8 T 0   147
1187 14233  3 9 7 5 2 1 6 4 8 E 0 T   -
1188 14245  9 3 5 7 2 6 1 4 E 8 T 0   58
1189 14257  3 9 7 5 6 2 4 1 8 E 0 T   -
1190 14269  3 7 9 6 5 2 1 4 8 0 E T   169
1191 14281  7 3 6 9 2 5 4 1 0 8 T E   -
1192 14293  3 7 9 6 5 2 4 0 1 8 E T   70
1193 14305  7 3 6 9 2 5 0 4 8 1 T E   -
1194 14317  7 6 3 2 9 0 5 4 1 8 E T   18
1195 14329  6 7 2 3 0 9 4 5 8 1 T E   -
1196 14341  7 6 3 2 9 0 5 4 8 T 1 E   9
1197 14353  6 7 2 3 0 9 4 5 T 8 E 1   -
1198 14365  6 2 7 0 3 4 9 T 5 8 1 E   10
1199 14377  2 6 0 7 4 3 T 9 8 5 E 1   -
1200 14389  6 2 7 0 3 4 9 T 5 8 E 1   E
1201 14401  2 6 0 7 4 3 T 9 8 5 1 E   -
1202 14413  2 0 6 4 7 T 3 8 9 5 E 1   10
1203 14425  0 2 4 6 T 7 8 3 5 9 1 E   -
1204 14437  2 0 6 4 7 T 3 8 5 1 9 E   9
1205 14449  0 2 4 6 T 7 8 3 1 5 E 9   -
1206 14461  0 4 2 T 6 8 7 3 5 1 9 E   18
1207 14473  4 0 T 2 8 6 3 7 1 5 E 9   -
1208 14485  0 4 2 T 6 8 3 1 7 5 9 E   70
1209 14497  4 0 T 2 8 6 1 3 5 7 E 9   -
1210 14509  4 T 0 8 2 6 3 1 5 E 7 9   169
1211 14521  T 4 8 0 6 2 1 3 E 5 9 7   -
1212 14533  4 T 0 8 6 1 2 3 5 E 7 9   58
1213 14545  T 4 8 0 1 6 3 2 E 5 9 7   -
1214 14557  T 8 4 0 6 1 3 E 2 9 5 7   147
1215 14569  8 T 0 4 1 6 E 3 9 2 7 5   -
1216 14581  T 8 0 1 4 6 3 E 2 9 5 7   36
1217 14593  8 T 1 0 6 4 E 3 9 2 7 5   -
1218 14605  8 T 0 1 6 E 4 9 3 7 2 5   125
1219 14617  T 8 1 0 E 6 9 4 7 3 5 2   -
1220 14629  T 1 8 0 6 E 4 9 3 7 2 5   14
1221 14641  1 T 0 8 E 6 9 4 7 3 5 2   -
1222 14653  T 1 0 E 8 9 6 7 4 5 3 2   3
1223 14665  1 T E 0 9 8 7 6 5 4 2 3   -
1224 14677  1 T 0 E 8 9 6 7 4 5 3 2   12
1225 14689  T 1 E 0 9 8 7 6 5 4 2 3   -
1226 14701  1 T E 9 0 7 8 5 6 2 4 3   3
1227 14713  T 1 9 E 7 0 5 8 2 6 3 4   -
1228 14725  T 9 1 E 0 7 8 5 6 2 4 3   14
1229 14737  9 T E 1 7 0 5 8 2 6 3 4   -
1230 14749  9 T 1 E 7 5 0 2 8 3 6 4   125
1231 14761  T 9 E 1 5 7 2 0 3 8 4 6   -
1232 14773  9 T E 5 1 7 0 2 8 3 6 4   36
1233 14785  T 9 5 E 7 1 2 0 3 8 4 6   -
1234 14797  T 5 9 E 1 7 2 3 0 4 8 6   147
1235 14809  5 T E 9 7 1 3 2 4 0 6 8   -
1236 14821  T 5 9 E 7 3 1 2 0 4 8 6   58
1237 14833  5 T E 9 3 7 2 1 4 0 6 8   -
1238 14845  5 E T 3 9 7 1 2 4 6 0 8   169
1239 14857  E 5 3 T 7 9 2 1 6 4 8 0   -
1240 14869  5 E T 3 9 7 2 6 1 4 0 8   70
1241 14881  E 5 3 T 7 9 6 2 4 1 8 0   -
1242 14893  E 3 5 7 T 6 9 2 1 4 0 8   18
1243 14905  3 E 7 5 6 T 2 9 4 1 8 0   -
1244 14917  E 3 5 7 T 6 9 2 4 8 1 0   9
1245 14929  3 E 7 5 6 T 2 9 8 4 0 1   -
1246 14941  3 7 E 6 5 2 T 8 9 4 1 0   10
1247 14953  7 3 6 E 2 5 8 T 4 9 0 1   -
1248 14965  3 7 E 6 5 2 T 8 9 4 0 1   E
1249 14977  7 3 6 E 2 5 8 T 4 9 1 0   -
1250 14989  7 6 3 2 E 8 5 4 T 9 0 1   10
1251 15001  6 7 2 3 8 E 4 5 9 T 1 0   -
1252 15013  7 6 3 2 E 8 5 4 9 1 T 0   9
1253 15025  6 7 2 3 8 E 4 5 1 9 0 T   -
1254 15037  6 2 7 8 3 4 E 5 9 1 T 0   18
1255 15049  2 6 8 7 4 3 5 E 1 9 0 T   -
1256 15061  6 2 7 8 3 4 5 1 E 9 T 0   70
1257 15073  2 6 8 7 4 3 1 5 9 E 0 T   -
1258 15085  2 8 6 4 7 3 5 1 9 0 E T   169
1259 15097  8 2 4 6 3 7 1 5 0 9 T E   -
1260 15109  2 8 6 4 3 1 7 5 9 0 E T   58
1261 15121  8 2 4 6 1 3 5 7 0 9 T E   -
1262 15133  8 4 2 6 3 1 5 0 7 T 9 E   147
1263 15145  4 8 6 2 1 3 0 5 T 7 E 9   -
1264 15157  8 4 6 1 2 3 5 0 7 T 9 E   36
1265 15169  4 8 1 6 3 2 0 5 T 7 E 9   -
1266 15181  4 8 6 1 3 0 2 T 5 E 7 9   125
1267 15193  8 4 1 6 0 3 T 2 E 5 9 7   -
1268 15205  8 1 4 6 3 0 2 T 5 E 7 9   14
1269 15217  1 8 6 4 0 3 T 2 E 5 9 7   -
1270 15229  8 1 6 0 4 T 3 E 2 9 5 7   3
1271 15241  1 8 0 6 T 4 E 3 9 2 7 5   -
1272 15253  1 8 6 0 4 T 3 E 2 9 5 7   12
1273 15265  8 1 0 6 T 4 E 3 9 2 7 5   -
1274 15277  1 8 0 T 6 E 4 9 3 7 2 5   3
1275 15289  8 1 T 0 E 6 9 4 7 3 5 2   -
1276 15301  8 T 1 0 6 E 4 9 3 7 2 5   14
1277 15313  T 8 0 1 E 6 9 4 7 3 5 2   -
1278 15325  T 8 1 0 E 9 6 7 4 5 3 2   125
1279 15337  8 T 0 1 9 E 7 6 5 4 2 3   -
1280 15349  T 8 0 9 1 E 6 7 4 5 3 2   36
1281 15361  8 T 9 0 E 1 7 6 5 4 2 3   -
1282 15373  8 9 T 0 1 E 7 5 6 2 4 3   147
1283 15385  9 8 0 T E 1 5 7 2 6 3 4   -
1284 15397  8 9 T 0 E 5 1 7 6 2 4 3   58
1285 15409  9 8 0 T 5 E 7 1 2 6 3 4   -
1286 15421  9 0 8 5 T E 1 7 2 3 6 4   169
1287 15433  0 9 5 8 E T 7 1 3 2 4 6   -
1288 15445  9 0 8 5 T E 7 3 1 2 6 4   70
1289 15457  0 9 5 8 E T 3 7 2 1 4 6   -
1290 15469  0 5 9 E 8 3 T 7 1 2 6 4   18
1291 15481  5 0 E 9 3 8 7 T 2 1 4 6   -
1292 15493  0 5 9 E 8 3 T 7 2 4 1 6   9
1293 15505  5 0 E 9 3 8 7 T 4 2 6 1   -
1294 15517  5 E 0 3 9 7 8 4 T 2 1 6   10
1295 15529  E 5 3 0 7 9 4 8 2 T 6 1   -
1296 15541  5 E 0 3 9 7 8 4 T 2 6 1   E
1297 15553  E 5 3 0 7 9 4 8 2 T 1 6   -
1298 15565  E 3 5 7 0 4 9 2 8 T 6 1   10
1299 15577  3 E 7 5 4 0 2 9 T 8 1 6   -
1300 15589  E 3 5 7 0 4 9 2 T 1 8 6   9
1301 15601  3 E 7 5 4 0 2 9 1 T 6 8   -
1302 15613  3 7 E 4 5 2 0 9 T 1 8 6   18
1303 15625  7 3 4 E 2 5 9 0 1 T 6 8   -
1304 15637  3 7 E 4 5 2 9 0 1 T 8 6   7890
1305 15649  7 3 4 E 2 5 1 9 T 0 6 8   ?
1306 15661  7 4 3 2 E 5 9 1 T 6 0 8   169
1307 15673  4 7 2 3 5 E 1 9 6 T 8 0   -
1308 15685  7 4 3 2 5 1 E 9 T 6 0 8   58
1309 15697  4 7 2 3 1 5 9 E 6 T 8 0   -
1310 15709  4 2 7 3 5 1 9 6 E 8 T 0   147
1311 15721  2 4 3 7 1 5 6 9 8 E 0 T   -
1312 15733  4 2 3 1 7 5 9 6 E 8 T 0   36
1313 15745  2 4 1 3 5 7 6 9 8 E 0 T   -
1314 15757  2 4 3 1 5 6 7 8 9 0 E T   125
1315 15769  4 2 1 3 6 5 8 7 0 9 T E   -
1316 15781  4 1 2 3 5 6 7 8 9 0 E T   14
1317 15793  1 4 3 2 6 5 8 7 0 9 T E   -
1318 15805  4 1 3 6 2 8 5 0 7 T 9 E   3
1319 15817  1 4 6 3 8 2 0 5 T 7 E 9   -
1320 15829  1 4 3 6 2 8 5 0 7 T 9 E   12
1321 15841  4 1 6 3 8 2 0 5 T 7 E 9   -
1322 15853  1 4 6 8 3 0 2 T 5 E 7 9   3
1323 15865  4 1 8 6 0 3 T 2 E 5 9 7   -
1324 15877  4 8 1 6 3 0 2 T 5 E 7 9   14
1325 15889  8 4 6 1 0 3 T 2 E 5 9 7   -
1326 15901  8 4 1 6 0 T 3 E 2 9 5 7   125
1327 15913  4 8 6 1 T 0 E 3 9 2 7 5   -
1328 15925  8 4 6 T 1 0 3 E 2 9 5 7   36
1329 15937  4 8 T 6 0 1 E 3 9 2 7 5   -
1330 15949  4 T 8 6 1 0 E 9 3 7 2 5   147
1331 15961  T 4 6 8 0 1 9 E 7 3 5 2   -
1332 15973  4 T 8 6 0 9 1 E 3 7 2 5   58
1333 15985  T 4 6 8 9 0 E 1 7 3 5 2   -
1334 15997  T 6 4 9 8 0 1 E 7 5 3 2   169
1335 16009  6 T 9 4 0 8 E 1 5 7 2 3   -
1336 16021  T 6 4 9 8 0 E 5 1 7 3 2   70
1337 16033  6 T 9 4 0 8 5 E 7 1 2 3   -
1338 16045  6 9 T 0 4 5 8 E 1 7 3 2   18
1339 16057  9 6 0 T 5 4 E 8 7 1 2 3   -
1340 16069  6 9 T 0 4 5 8 E 7 2 1 3   9
1341 16081  9 6 0 T 5 4 E 8 2 7 3 1   -
1342 16093  9 0 6 5 T E 4 2 8 7 1 3   10
1343 16105  0 9 5 6 E T 2 4 7 8 3 1   -
1344 16117  9 0 6 5 T E 4 2 8 7 3 1   E
1345 16129  0 9 5 6 E T 2 4 7 8 1 3   -
1346 16141  0 5 9 E 6 2 T 7 4 8 3 1   10
1347 16153  5 0 E 9 2 6 7 T 8 4 1 3   -
1348 16165  0 5 9 E 6 2 T 7 8 1 4 3   9
1349 16177  5 0 E 9 2 6 7 T 1 8 3 4   -
1350 16189  5 E 0 2 9 7 6 T 8 1 4 3   18
1351 16201  E 5 2 0 7 9 T 6 1 8 3 4   -
1352 16213  5 E 0 2 9 7 T 1 6 8 4 3   70
1353 16225  E 5 2 0 7 9 1 T 8 6 3 4   -
1354 16237  E 2 5 7 0 9 T 1 8 3 6 4   169
1355 16249  2 E 7 5 9 0 1 T 3 8 4 6   -
1356 16261  E 2 5 7 9 1 0 T 8 3 6 4   58
1357 16273  2 E 7 5 1 9 T 0 3 8 4 6   -
1358 16285  2 7 E 5 9 1 T 3 0 4 8 6   147
1359 16297  7 2 5 E 1 9 3 T 4 0 6 8   -
1360 16309  2 7 5 1 E 9 T 3 0 4 8 6   36
1361 16321  7 2 1 5 9 E 3 T 4 0 6 8   -
1362 16333  7 2 5 1 9 3 E 4 T 6 0 8   125
1363 16345  2 7 1 5 3 9 4 E 6 T 8 0   -
1364 16357  2 1 7 5 9 3 E 4 T 6 0 8   14
1365 16369  1 2 5 7 3 9 4 E 6 T 8 0   -
1366 16381  2 1 5 3 7 4 9 6 E 8 T 0   3
1367 16393  1 2 3 5 4 7 6 9 8 E 0 T   -
1368 16405  1 2 5 3 7 4 9 6 E 8 T 0   12
1369 16417  2 1 3 5 4 7 6 9 8 E 0 T   -
1370 16429  1 2 3 4 5 6 7 8 9 0 E T   3
1371 16441  1 2 3 4 5 6 7 8 9 0 E T   =
1372 16453  1 2 3 4 5 6 7 8 9 0 E T   =
1373 16465  1 2 3 4 5 6 7 8 9 0 E T   =
1374 16477  1 2 3 4 5 6 7 8 9 0 E T   =
1375 16489  1 2 3 4 5 6 7 8 9 0 E T   =
1376 16501  1 2 3 4 5 6 7 8 9 0 E T   =
1377 16513  1 2 3 4 5 6 7 8 9 0 E T   =
1378 16525  1 2 3 4 5 6 7 8 9 0 E T   =
