   1     1  1 2 3 4 5 6 7 8 9 0 E T   
   2    13  1 2 3 4 5 6 7 8 9 0 E T   =
   3    25  1 2 3 4 5 6 7 8 9 0 E T   =
   4    37  1 2 3 4 5 6 7 8 9 0 E T   =
   5    49  1 2 3 4 5 6 7 8 9 0 E T   =
   6    61  1 2 3 4 5 6 7 8 9 0 E T   =
   7    73  1 2 3 4 5 6 7 8 9 0 E T   =
   8    85  1 2 3 4 5 6 7 8 9 0 E T   =
   9    97  1 2 3 4 5 6 7 8 9 0 E T   =
  10   109  1 2 3 4 5 6 7 8 9 0 E T   =
  11   121  1 2 3 4 5 6 7 8 9 0 E T   =
  12   133  1 2 3 4 5 6 7 8 9 0 E T   =
  13   145  1 2 3 4 5 6 7 8 9 0 E T   =
  14   157  1 2 3 4 5 6 7 8 9 0 E T   =
  15   169  1 2 3 4 5 6 7 8 9 0 E T   =
  16   181  1 2 3 4 5 6 7 8 9 0 E T   =
  17   193  1 2 3 4 5 6 7 8 9 0 E T   =
  18   205  1 2 3 4 5 6 7 8 9 0 E T   =
  19   217  1 2 3 4 5 6 7 8 9 0 E T   =
  20   229  1 2 3 4 5 6 7 8 9 0 E T   =
  21   241  1 2 3 4 5 6 7 8 9 0 E T   =
  22   253  1 2 3 4 5 6 7 8 9 0 E T   =
  23   265  1 2 3 4 5 6 7 8 9 0 E T   =
  24   277  1 2 3 4 5 6 7 8 9 0 E T   =
  25   289  1 2 3 4 5 6 7 8 9 0 E T   =
  26   301  1 2 3 4 5 6 7 8 9 0 E T   =
  27   313  1 2 3 4 5 6 7 8 9 0 E T   =
  28   325  1 2 3 4 5 6 7 8 9 0 E T   =
  29   337  1 2 3 4 5 6 7 8 9 0 E T   =
  30   349  1 2 3 4 5 6 7 8 9 0 E T   =
  31   361  2 1 3 5 4 7 6 9 8 E 0 T   3
  32   373  2 3 1 4 5 6 7 8 9 0 E T   1
  33   385  3 2 4 1 6 5 8 7 9 E 0 T   9
  34   397  2 3 4 6 1 8 5 9 7 0 E T   3
  35   409  2 4 3 1 6 5 8 7 9 E 0 T   1
  36   421  4 2 3 6 1 8 5 9 7 0 E T   3
  37   433  4 3 2 1 6 5 8 7 9 E 0 T   1
  38   445  3 4 2 6 1 8 5 9 7 0 E T   3
  39   457  4 3 6 2 8 1 9 5 0 7 E T   E
  40   469  4 6 3 8 2 9 1 0 5 E 7 T   1
  41   481  6 4 3 2 8 1 9 5 0 7 E T   3
  42   493  6 3 4 8 2 9 1 0 5 E 7 T   1
  43   505  3 6 4 2 8 1 9 5 0 7 E T   3
  44   517  3 4 6 8 2 9 1 0 5 E 7 T   1
  45   529  4 3 8 6 9 2 0 1 E 5 7 T   E
  46   541  3 4 8 9 6 0 2 E 1 7 5 T   3
  47   553  3 8 4 6 9 2 0 1 E 5 7 T   1
  48   565  8 3 4 9 6 0 2 E 1 7 5 T   3
  49   577  8 4 3 6 9 2 0 1 E 5 7 T   1
  50   589  4 8 3 9 6 0 2 E 1 7 5 T   3
  51   601  8 4 9 3 0 6 E 2 1 5 7 T   9
  52   613  8 9 4 0 3 E 6 1 2 7 5 T   1
  53   625  9 8 4 3 0 6 E 2 1 5 7 T   3
  54   637  9 4 8 0 3 E 6 1 2 7 5 T   1
  55   649  4 9 8 3 0 6 E 2 1 5 7 T   3
  56   661  4 8 9 0 3 E 6 1 2 7 5 T   1
  57   673  8 4 0 9 E 3 1 6 7 2 5 T   E
  58   685  4 8 0 E 9 1 3 7 6 5 2 T   3
  59   697  4 0 8 9 E 3 1 6 7 2 5 T   1
  60   709  0 4 8 E 9 1 3 7 6 5 2 T   3
  61   721  0 8 4 9 E 3 1 6 7 2 5 T   1
  62   733  8 0 4 E 9 1 3 7 6 5 2 T   3
  63   745  0 8 E 4 1 9 7 3 5 6 2 T   E
  64   757  0 E 8 1 4 7 9 5 3 2 6 T   1
  65   769  E 0 8 4 1 9 7 3 5 6 2 T   3
  66   781  E 8 0 1 4 7 9 5 3 2 6 T   1
  67   793  8 E 0 4 1 9 7 3 5 6 2 T   3
  68   805  8 0 E 1 4 7 9 5 3 2 6 T   1
  69   817  0 8 1 E 7 4 5 9 3 2 6 T   90E
  70   829  8 0 1 7 E 5 4 3 9 6 2 T   3
  71   841  8 1 0 E 7 4 5 9 3 2 6 T   1
  72   853  1 8 0 7 E 5 4 3 9 6 2 T   3
  73   865  1 0 8 E 7 4 5 9 3 2 6 T   1
  74   877  0 1 8 7 E 5 4 3 9 6 2 T   3
  75   889  1 0 7 8 5 E 3 4 9 2 6 T   9
  76   901  1 7 0 5 8 3 E 9 4 6 2 T   1
  77   913  7 1 0 8 5 E 3 4 9 2 6 T   3
  78   925  7 0 1 5 8 3 E 9 4 6 2 T   1
  79   937  0 7 1 8 5 E 3 4 9 2 6 T   3
  80   949  0 1 7 5 8 3 E 9 4 6 2 T   1
  81   961  1 0 5 7 3 8 9 E 4 2 6 T   9
  82   973  0 1 5 3 7 9 8 4 E 6 2 T   3
  83   985  0 5 1 7 3 8 9 E 4 2 6 T   1
  84   997  5 0 1 3 7 9 8 4 E 6 2 T   3
  85  1009  5 1 0 7 3 8 9 E 4 2 6 T   1
  86  1021  1 5 0 3 7 9 8 4 E 6 2 T   3
  87  1033  5 1 3 0 9 7 4 8 E 2 6 T   9
  88  1045  5 3 1 9 0 4 7 E 8 6 2 T   1
  89  1057  3 5 1 0 9 7 4 8 E 2 6 T   3
  90  1069  3 1 5 9 0 4 7 E 8 6 2 T   1
  91  1081  1 3 5 0 9 7 4 8 E 2 6 T   3
  92  1093  1 5 3 9 0 4 7 E 8 6 2 T   1
  93  1105  5 1 9 3 4 0 E 7 6 8 2 T   E
  94  1117  1 5 9 4 3 E 0 6 7 2 8 T   3
  95  1129  1 9 5 3 4 0 E 7 6 8 2 T   1
  96  1141  9 1 5 4 3 E 0 6 7 2 8 T   3
  97  1153  9 5 1 3 4 0 E 7 6 8 2 T   1
  98  1165  5 9 1 4 3 E 0 6 7 2 8 T   3
  99  1177  9 5 4 1 E 3 6 0 7 8 2 T   9
 100  1189  9 4 5 E 1 6 3 7 0 2 8 T   1
 101  1201  4 9 5 1 E 3 6 0 7 8 2 T   3
 102  1213  4 5 9 E 1 6 3 7 0 2 8 T   1
 103  1225  5 4 9 1 E 3 6 0 7 8 2 T   3
 104  1237  5 9 4 E 1 6 3 7 0 2 8 T   1
 105  1249  9 5 E 4 6 1 7 3 0 8 2 T   9
 106  1261  5 9 E 6 4 7 1 0 3 2 8 T   3
 107  1273  5 E 9 4 6 1 7 3 0 8 2 T   1
 108  1285  E 5 9 6 4 7 1 0 3 2 8 T   3
 109  1297  E 9 5 4 6 1 7 3 0 8 2 T   1
 110  1309  9 E 5 6 4 7 1 0 3 2 8 T   3
 111  1321  E 9 6 5 7 4 0 1 2 3 8 T   E
 112  1333  E 6 9 7 5 0 4 2 1 8 3 T   1
 113  1345  6 E 9 5 7 4 0 1 2 3 8 T   3
 114  1357  6 9 E 7 5 0 4 2 1 8 3 T   1
 115  1369  9 6 E 5 7 4 0 1 2 3 8 T   3
 116  1381  9 E 6 7 5 0 4 2 1 8 3 T   1
 117  1393  E 9 7 6 0 5 2 4 8 1 3 T   E
 118  1405  9 E 7 0 6 2 5 8 4 3 1 T   3
 119  1417  9 7 E 6 0 5 2 4 8 1 3 T   1
 120  1429  7 9 E 0 6 2 5 8 4 3 1 T   3
 121  1441  7 E 9 6 0 5 2 4 8 1 3 T   1
 122  1453  E 7 9 0 6 2 5 8 4 3 1 T   3
 123  1465  7 E 0 9 2 6 8 5 3 4 1 T   E
 124  1477  7 0 E 2 9 8 6 3 5 1 4 T   1
 125  1489  0 7 E 9 2 6 8 5 3 4 1 T   3
 126  1501  0 E 7 2 9 8 6 3 5 1 4 T   1
 127  1513  E 0 7 9 2 6 8 5 3 4 1 T   3
 128  1525  E 7 0 2 9 8 6 3 5 1 4 T   1
 129  1537  7 E 2 0 8 9 3 6 5 4 1 T   9
 130  1549  E 7 2 8 0 3 9 5 6 1 4 T   3
 131  1561  E 2 7 0 8 9 3 6 5 4 1 T   1
 132  1573  2 E 7 8 0 3 9 5 6 1 4 T   3
 133  1585  2 7 E 0 8 9 3 6 5 4 1 T   1
 134  1597  7 2 E 8 0 3 9 5 6 1 4 T   3
 135  1609  2 7 8 E 3 0 5 9 1 6 4 T   E
 136  1621  2 8 7 3 E 5 0 1 9 4 6 T   1
 137  1633  8 2 7 E 3 0 5 9 1 6 4 T   3
 138  1645  8 7 2 3 E 5 0 1 9 4 6 T   1
 139  1657  7 8 2 E 3 0 5 9 1 6 4 T   3
 140  1669  7 2 8 3 E 5 0 1 9 4 6 T   1
 141  1681  2 7 3 8 5 E 1 0 4 9 6 T   E
 142  1693  7 2 3 5 8 1 E 4 0 6 9 T   3
 143  1705  7 3 2 8 5 E 1 0 4 9 6 T   1
 144  1717  3 7 2 5 8 1 E 4 0 6 9 T   3
 145  1729  3 2 7 8 5 E 1 0 4 9 6 T   1
 146  1741  2 3 7 5 8 1 E 4 0 6 9 T   3
 147  1753  3 2 5 7 1 8 4 E 6 0 9 T   E
 148  1765  3 5 2 1 7 4 8 6 E 9 0 T   1
 149  1777  5 3 2 7 1 8 4 E 6 0 9 T   3
 150  1789  5 2 3 1 7 4 8 6 E 9 0 T   1
 151  1801  2 5 3 7 1 8 4 E 6 0 9 T   3
 152  1813  2 3 5 1 7 4 8 6 E 9 0 T   1
 153  1825  3 2 1 5 4 7 6 8 9 E 0 T   E
 154  1837  2 3 1 4 5 6 7 9 8 0 E T   3
 155  1849  2 1 3 5 4 7 6 8 9 E 0 T   1
 156  1861  1 2 3 4 5 6 7 9 8 0 E T   3
 157  1873  1 3 2 5 4 7 6 8 9 E 0 T   1
 158  1885  3 1 2 4 5 6 7 9 8 0 E T   3
 159  1897  1 3 4 2 6 5 9 7 0 8 E T   E
 160  1909  1 4 3 6 2 9 5 0 7 E 8 T   1
 161  1921  4 1 3 2 6 5 9 7 0 8 E T   3
 162  1933  4 3 1 6 2 9 5 0 7 E 8 T   1
 163  1945  3 4 1 2 6 5 9 7 0 8 E T   3
 164  1957  3 1 4 6 2 9 5 0 7 E 8 T   1
 165  1969  1 3 6 4 9 2 0 5 E 7 8 T   E
 166  1981  3 1 6 9 4 0 2 E 5 8 7 T   3
 167  1993  3 6 1 4 9 2 0 5 E 7 8 T   1
 168  2005  6 3 1 9 4 0 2 E 5 8 7 T   3
 169  2017  6 1 3 4 9 2 0 5 E 7 8 T   1
 170  2029  1 6 3 9 4 0 2 E 5 8 7 T   3
 171  2041  6 1 9 3 0 4 E 2 8 5 7 T   E
 172  2053  6 9 1 0 3 E 4 8 2 7 5 T   1
 173  2065  9 6 1 3 0 4 E 2 8 5 7 T   3
 174  2077  9 1 6 0 3 E 4 8 2 7 5 T   1
 175  2089  1 9 6 3 0 4 E 2 8 5 7 T   3
 176  2101  1 6 9 0 3 E 4 8 2 7 5 T   1
 177  2113  6 1 0 9 E 3 8 4 7 2 5 T   E
 178  2125  1 6 0 E 9 8 3 7 4 5 2 T   3
 179  2137  1 0 6 9 E 3 8 4 7 2 5 T   1
 180  2149  0 1 6 E 9 8 3 7 4 5 2 T   3
 181  2161  0 6 1 9 E 3 8 4 7 2 5 T   1
 182  2173  6 0 1 E 9 8 3 7 4 5 2 T   3
 183  2185  0 6 E 1 8 9 7 3 5 4 2 T   E
 184  2197  0 E 6 8 1 7 9 5 3 2 4 T   1
 185  2209  E 0 6 1 8 9 7 3 5 4 2 T   3
 186  2221  E 6 0 8 1 7 9 5 3 2 4 T   1
 187  2233  6 E 0 1 8 9 7 3 5 4 2 T   3
 188  2245  6 0 E 8 1 7 9 5 3 2 4 T   1
 189  2257  0 6 8 E 7 1 5 9 2 3 4 T   E
 190  2269  6 0 8 7 E 5 1 2 9 4 3 T   3
 191  2281  6 8 0 E 7 1 5 9 2 3 4 T   1
 192  2293  8 6 0 7 E 5 1 2 9 4 3 T   3
 193  2305  8 0 6 E 7 1 5 9 2 3 4 T   1
 194  2317  0 8 6 7 E 5 1 2 9 4 3 T   3
 195  2329  8 0 7 6 5 E 2 1 4 9 3 T   E
 196  2341  8 7 0 5 6 2 E 4 1 3 9 T   1
 197  2353  7 8 0 6 5 E 2 1 4 9 3 T   3
 198  2365  7 0 8 5 6 2 E 4 1 3 9 T   1
 199  2377  0 7 8 6 5 E 2 1 4 9 3 T   3
 200  2389  0 8 7 5 6 2 E 4 1 3 9 T   1
 201  2401  8 0 5 7 2 6 4 E 1 9 3 T   9
 202  2413  0 8 5 2 7 4 6 1 E 3 9 T   3
 203  2425  0 5 8 7 2 6 4 E 1 9 3 T   1
 204  2437  5 0 8 2 7 4 6 1 E 3 9 T   3
 205  2449  5 8 0 7 2 6 4 E 1 9 3 T   1
 206  2461  8 5 0 2 7 4 6 1 E 3 9 T   3
 207  2473  5 8 2 0 4 7 1 6 E 9 3 T   9
 208  2485  5 2 8 4 0 1 7 E 6 3 9 T   1
 209  2497  2 5 8 0 4 7 1 6 E 9 3 T   3
 210  2509  2 8 5 4 0 1 7 E 6 3 9 T   1
 211  2521  8 2 5 0 4 7 1 6 E 9 3 T   3
 212  2533  8 5 2 4 0 1 7 E 6 3 9 T   1
 213  2545  5 8 4 2 1 0 E 7 3 6 9 T   E
 214  2557  8 5 4 1 2 E 0 3 7 9 6 T   3
 215  2569  8 4 5 2 1 0 E 7 3 6 9 T   1
 216  2581  4 8 5 1 2 E 0 3 7 9 6 T   3
 217  2593  4 5 8 2 1 0 E 7 3 6 9 T   1
 218  2605  5 4 8 1 2 E 0 3 7 9 6 T   3
 219  2617  4 5 1 8 E 2 3 0 9 7 6 T   E
 220  2629  4 1 5 E 8 3 2 9 0 6 7 T   1
 221  2641  1 4 5 8 E 2 3 0 9 7 6 T   3
 222  2653  1 5 4 E 8 3 2 9 0 6 7 T   1
 223  2665  5 1 4 8 E 2 3 0 9 7 6 T   3
 224  2677  5 4 1 E 8 3 2 9 0 6 7 T   1
 225  2689  4 5 E 1 3 8 9 2 0 7 6 T   9
 226  2701  5 4 E 3 1 9 8 0 2 6 7 T   3
 227  2713  5 E 4 1 3 8 9 2 0 7 6 T   1
 228  2725  E 5 4 3 1 9 8 0 2 6 7 T   3
 229  2737  E 4 5 1 3 8 9 2 0 7 6 T   1
 230  2749  4 E 5 3 1 9 8 0 2 6 7 T   3
 231  2761  E 4 3 5 9 1 0 8 6 2 7 T   E
 232  2773  E 3 4 9 5 0 1 6 8 7 2 T   1
 233  2785  3 E 4 5 9 1 0 8 6 2 7 T   3
 234  2797  3 4 E 9 5 0 1 6 8 7 2 T   1
 235  2809  4 3 E 5 9 1 0 8 6 2 7 T   3
 236  2821  4 E 3 9 5 0 1 6 8 7 2 T   1
 237  2833  E 4 9 3 0 5 6 1 7 8 2 T   E
 238  2845  4 E 9 0 3 6 5 7 1 2 8 T   3
 239  2857  4 9 E 3 0 5 6 1 7 8 2 T   1
 240  2869  9 4 E 0 3 6 5 7 1 2 8 T   3
 241  2881  9 E 4 3 0 5 6 1 7 8 2 T   1
 242  2893  E 9 4 0 3 6 5 7 1 2 8 T   3
 243  2905  9 E 0 4 6 3 7 5 2 1 8 T   E
 244  2917  9 0 E 6 4 7 3 2 5 8 1 T   1
 245  2929  0 9 E 4 6 3 7 5 2 1 8 T   3
 246  2941  0 E 9 6 4 7 3 2 5 8 1 T   1
 247  2953  E 0 9 4 6 3 7 5 2 1 8 T   3
 248  2965  E 9 0 6 4 7 3 2 5 8 1 T   1
 249  2977  9 E 6 0 7 4 2 3 8 5 1 T   E
 250  2989  E 9 6 7 0 2 4 8 3 1 5 T   3
 251  3001  E 6 9 0 7 4 2 3 8 5 1 T   1
 252  3013  6 E 9 7 0 2 4 8 3 1 5 T   3
 253  3025  6 9 E 0 7 4 2 3 8 5 1 T   1
 254  3037  9 6 E 7 0 2 4 8 3 1 5 T   3
 255  3049  6 9 7 E 2 0 8 4 1 3 5 T   E
 256  3061  6 7 9 2 E 8 0 1 4 5 3 T   1
 257  3073  7 6 9 E 2 0 8 4 1 3 5 T   3
 258  3085  7 9 6 2 E 8 0 1 4 5 3 T   1
 259  3097  9 7 6 E 2 0 8 4 1 3 5 T   3
 260  3109  9 6 7 2 E 8 0 1 4 5 3 T   1
 261  3121  6 9 2 7 8 E 1 0 4 5 3 T   90E
 262  3133  9 6 2 8 7 1 E 4 0 3 5 T   3
 263  3145  9 2 6 7 8 E 1 0 4 5 3 T   1
 264  3157  2 9 6 8 7 1 E 4 0 3 5 T   3
 265  3169  2 6 9 7 8 E 1 0 4 5 3 T   1
 266  3181  6 2 9 8 7 1 E 4 0 3 5 T   3
 267  3193  2 6 8 9 1 7 4 E 3 0 5 T   E
 268  3205  2 8 6 1 9 4 7 3 E 5 0 T   1
 269  3217  8 2 6 9 1 7 4 E 3 0 5 T   3
 270  3229  8 6 2 1 9 4 7 3 E 5 0 T   1
 271  3241  6 8 2 9 1 7 4 E 3 0 5 T   3
 272  3253  6 2 8 1 9 4 7 3 E 5 0 T   1
 273  3265  2 6 1 8 4 9 3 7 5 E 0 T   E
 274  3277  6 2 1 4 8 3 9 5 7 0 E T   3
 275  3289  6 1 2 8 4 9 3 7 5 E 0 T   1
 276  3301  1 6 2 4 8 3 9 5 7 0 E T   3
 277  3313  1 2 6 8 4 9 3 7 5 E 0 T   1
 278  3325  2 1 6 4 8 3 9 5 7 0 E T   3
 279  3337  1 2 4 6 3 8 5 9 7 E 0 T   9
 280  3349  1 4 2 3 6 5 8 7 9 0 E T   1
 281  3361  4 1 2 6 3 8 5 9 7 E 0 T   3
 282  3373  4 2 1 3 6 5 8 7 9 0 E T   1
 283  3385  2 4 1 6 3 8 5 9 7 E 0 T   3
 284  3397  2 1 4 3 6 5 8 7 9 0 E T   1
 285  3409  1 2 3 4 5 6 7 8 9 0 E T   90E
 286  3421  1 2 3 4 5 6 7 8 9 0 E T   =
 287  3433  1 2 3 4 5 6 7 8 9 0 E T   =
 288  3445  1 2 3 4 5 6 7 8 9 0 E T   =
 289  3457  1 2 3 4 5 6 7 8 9 0 E T   =
 290  3469  1 2 3 4 5 6 7 8 9 0 E T   =
 291  3481  1 2 3 4 5 6 7 8 9 0 E T   =
 292  3493  1 2 3 4 5 6 7 8 9 0 E T   =
