   1     1  1 2 3 4 5 6 7 8 9 0 E T   
   2    13  1 2 3 4 5 6 7 8 9 0 E T   =
   3    25  1 2 3 4 5 6 7 8 9 0 E T   =
   4    37  1 2 3 4 5 6 7 8 9 0 E T   =
   5    49  1 2 3 4 5 6 7 8 9 0 E T   =
   6    61  1 2 3 4 5 6 7 8 9 0 E T   =
   7    73  1 2 3 4 5 6 7 8 9 0 E T   =
   8    85  1 2 3 4 5 6 7 8 9 0 E T   =
   9    97  1 2 3 4 5 6 7 8 9 0 E T   =
  10   109  1 2 3 4 5 6 7 8 9 0 E T   =
  11   121  1 2 3 4 5 6 7 8 9 0 E T   =
  12   133  1 2 3 4 5 6 7 8 9 0 E T   =
  13   145  1 2 3 4 5 6 7 8 9 0 E T   =
  14   157  1 2 3 4 5 6 7 8 9 0 E T   =
  15   169  1 2 3 4 5 6 7 8 9 0 E T   =
  16   181  1 2 3 4 5 6 7 8 9 0 E T   =
  17   193  2 1 4 3 6 5 8 7 0 9 T E   -
  18   205  1 2 4 6 3 8 5 0 7 T 9 E   3
  19   217  2 1 6 4 8 3 0 5 T 7 E 9   -
  20   229  2 6 1 4 3 8 5 0 7 T 9 E   4
  21   241  6 2 4 1 8 3 0 5 T 7 E 9   -
  22   253  6 2 1 4 8 0 3 T 5 E 7 9   25
  23   265  2 6 4 1 0 8 T 3 E 5 9 7   -
  24   277  6 2 4 0 1 8 3 T 5 E 7 9   36
  25   289  2 6 0 4 8 1 T 3 E 5 9 7   -
  26   301  2 0 6 4 1 8 T E 3 9 5 7   47
  27   313  0 2 4 6 8 1 E T 9 3 7 5   -
  28   325  2 0 6 4 8 E 1 T 3 9 5 7   58
  29   337  0 2 4 6 E 8 T 1 9 3 7 5   -
  30   349  0 4 2 E 6 8 1 T 9 7 3 5   69
  31   361  4 0 E 2 8 6 T 1 7 9 5 3   -
  32   373  0 4 2 E 6 8 T 7 1 9 3 5   70
  33   385  4 0 E 2 8 6 7 T 9 1 5 3   -
  34   397  4 E 0 8 2 7 6 T 1 9 3 5   8
  35   409  E 4 8 0 7 2 T 6 9 1 5 3   -
  36   421  4 E 0 8 2 7 6 T 9 5 1 3   9
  37   433  E 4 8 0 7 2 T 6 5 9 3 1   -
  38   445  E 8 4 7 0 T 2 5 6 9 1 3   0
  39   457  8 E 7 4 T 0 5 2 9 6 3 1   -
  40   469  E 8 4 7 0 T 2 5 6 9 3 1   E
  41   481  8 E 7 4 T 0 5 2 9 6 1 3   -
  42   493  8 7 E T 4 5 0 9 2 6 3 1   0
  43   505  7 8 T E 5 4 9 0 6 2 1 3   -
  44   517  8 7 E T 4 5 0 9 6 1 2 3   9
  45   529  7 8 T E 5 4 9 0 1 6 3 2   -
  46   541  7 T 8 5 E 9 4 0 6 1 2 3   8
  47   553  T 7 5 8 9 E 0 4 1 6 3 2   -
  48   565  7 T 8 5 E 9 0 1 4 6 2 3   70
  49   577  T 7 5 8 9 E 1 0 6 4 3 2   -
  50   589  T 5 7 9 8 E 0 1 6 3 4 2   69
  51   601  5 T 9 7 E 8 1 0 3 6 2 4   -
  52   613  T 5 7 9 E 1 8 0 6 3 4 2   58
  53   625  5 T 9 7 1 E 0 8 3 6 2 4   -
  54   637  5 9 T 7 E 1 0 3 8 2 6 4   47
  55   649  9 5 7 T 1 E 3 0 2 8 4 6   -
  56   661  5 9 7 1 T E 0 3 8 2 6 4   36
  57   673  9 5 1 7 E T 3 0 2 8 4 6   -
  58   685  9 5 7 1 E 3 T 2 0 4 8 6   25
  59   697  5 9 1 7 3 E 2 T 4 0 6 8   -
  60   709  5 1 9 7 E 3 T 2 0 4 8 6   4
  61   721  1 5 7 9 3 E 2 T 4 0 6 8   -
  62   733  5 1 7 3 9 2 E 4 T 6 0 8   3
  63   745  1 5 3 7 2 9 4 E 6 T 8 0   -
  64   757  1 5 7 3 9 2 E 4 T 6 0 8   2
  65   769  5 1 3 7 2 9 4 E 6 T 8 0   -
  66   781  1 5 3 2 7 4 9 6 E 8 T 0   3
  67   793  5 1 2 3 4 7 6 9 8 E 0 T   -
  68   805  5 2 1 3 7 4 9 6 E 8 T 0   4
  69   817  2 5 3 1 4 7 6 9 8 E 0 T   -
  70   829  2 5 1 3 4 6 7 8 9 0 E T   25
  71   841  5 2 3 1 6 4 8 7 0 9 T E   -
  72   853  2 5 3 6 1 4 7 8 9 0 E T   36
  73   865  5 2 6 3 4 1 8 7 0 9 T E   -
  74   877  5 6 2 3 1 4 8 0 7 T 9 E   47
  75   889  6 5 3 2 4 1 0 8 T 7 E 9   -
  76   901  5 6 2 3 4 0 1 8 7 T 9 E   58
  77   913  6 5 3 2 0 4 8 1 T 7 E 9   -
  78   925  6 3 5 0 2 4 1 8 T E 7 9   69
  79   937  3 6 0 5 4 2 8 1 E T 9 7   -
  80   949  6 3 5 0 2 4 8 E 1 T 7 9   70
  81   961  3 6 0 5 4 2 E 8 T 1 9 7   -
  82   973  3 0 6 4 5 E 2 8 1 T 7 9   8
  83   985  0 3 4 6 E 5 8 2 T 1 9 7   -
  84   997  3 0 6 4 5 E 2 8 T 9 1 7   9
  85  1009  0 3 4 6 E 5 8 2 9 T 7 1   -
  86  1021  0 4 3 E 6 8 5 9 2 T 1 7   0
  87  1033  4 0 E 3 8 6 9 5 T 2 7 1   -
  88  1045  0 4 3 E 6 8 5 9 2 T 7 1   E
  89  1057  4 0 E 3 8 6 9 5 T 2 1 7   -
  90  1069  4 E 0 8 3 9 6 T 5 2 7 1   0
  91  1081  E 4 8 0 9 3 T 6 2 5 1 7   -
  92  1093  4 E 0 8 3 9 6 T 2 1 5 7   9
  93  1105  E 4 8 0 9 3 T 6 1 2 7 5   -
  94  1117  E 8 4 9 0 T 3 6 2 1 5 7   8
  95  1129  8 E 9 4 T 0 6 3 1 2 7 5   -
  96  1141  E 8 4 9 0 T 6 1 3 2 5 7   70
  97  1153  8 E 9 4 T 0 1 6 2 3 7 5   -
  98  1165  8 9 E T 4 0 6 1 2 7 3 5   69
  99  1177  9 8 T E 0 4 1 6 7 2 5 3   -
 100  1189  8 9 E T 0 1 4 6 2 7 3 5   58
 101  1201  9 8 T E 1 0 6 4 7 2 5 3   -
 102  1213  9 T 8 E 0 1 6 7 4 5 2 3   47
 103  1225  T 9 E 8 1 0 7 6 5 4 3 2   -
 104  1237  9 T E 1 8 0 6 7 4 5 2 3   36
 105  1249  T 9 1 E 0 8 7 6 5 4 3 2   -
 106  1261  T 9 E 1 0 7 8 5 6 3 4 2   25
 107  1273  9 T 1 E 7 0 5 8 3 6 2 4   -
 108  1285  9 1 T E 0 7 8 5 6 3 4 2   4
 109  1297  1 9 E T 7 0 5 8 3 6 2 4   -
 110  1309  9 1 E 7 T 5 0 3 8 2 6 4   3
 111  1321  1 9 7 E 5 T 3 0 2 8 4 6   -
 112  1333  1 9 E 7 T 5 0 3 8 2 6 4   2
 113  1345  9 1 7 E 5 T 3 0 2 8 4 6   -
 114  1357  1 9 7 5 E 3 T 2 0 4 8 6   3
 115  1369  9 1 5 7 3 E 2 T 4 0 6 8   -
 116  1381  9 5 1 7 E 3 T 2 0 4 8 6   4
 117  1393  5 9 7 1 3 E 2 T 4 0 6 8   -
 118  1405  5 9 1 7 3 2 E 4 T 6 0 8   25
 119  1417  9 5 7 1 2 3 4 E 6 T 8 0   -
 120  1429  5 9 7 2 1 3 E 4 T 6 0 8   36
 121  1441  9 5 2 7 3 1 4 E 6 T 8 0   -
 122  1453  9 2 5 7 1 3 4 6 E 8 T 0   47
 123  1465  2 9 7 5 3 1 6 4 8 E 0 T   -
 124  1477  9 2 5 7 3 6 1 4 E 8 T 0   58
 125  1489  2 9 7 5 6 3 4 1 8 E 0 T   -
 126  1501  2 7 9 6 5 3 1 4 8 0 E T   69
 127  1513  7 2 6 9 3 5 4 1 0 8 T E   -
 128  1525  2 7 9 6 5 3 4 0 1 8 E T   70
 129  1537  7 2 6 9 3 5 0 4 8 1 T E   -
 130  1549  7 6 2 3 9 0 5 4 1 8 E T   8
 131  1561  6 7 3 2 0 9 4 5 8 1 T E   -
 132  1573  7 6 2 3 9 0 5 4 8 T 1 E   9
 133  1585  6 7 3 2 0 9 4 5 T 8 E 1   -
 134  1597  6 3 7 0 2 4 9 T 5 8 1 E   0
 135  1609  3 6 0 7 4 2 T 9 8 5 E 1   -
 136  1621  6 3 7 0 2 4 9 T 5 8 E 1   E
 137  1633  3 6 0 7 4 2 T 9 8 5 1 E   -
 138  1645  3 0 6 4 7 T 2 8 9 5 E 1   0
 139  1657  0 3 4 6 T 7 8 2 5 9 1 E   -
 140  1669  3 0 6 4 7 T 2 8 5 1 9 E   9
 141  1681  0 3 4 6 T 7 8 2 1 5 E 9   -
 142  1693  0 4 3 T 6 8 7 2 5 1 9 E   8
 143  1705  4 0 T 3 8 6 2 7 1 5 E 9   -
 144  1717  0 4 3 T 6 8 2 1 7 5 9 E   70
 145  1729  4 0 T 3 8 6 1 2 5 7 E 9   -
 146  1741  4 T 0 8 3 6 2 1 5 E 7 9   69
 147  1753  T 4 8 0 6 3 1 2 E 5 9 7   -
 148  1765  4 T 0 8 6 1 3 2 5 E 7 9   58
 149  1777  T 4 8 0 1 6 2 3 E 5 9 7   -
 150  1789  T 8 4 0 6 1 2 E 3 9 5 7   47
 151  1801  8 T 0 4 1 6 E 2 9 3 7 5   -
 152  1813  T 8 0 1 4 6 2 E 3 9 5 7   36
 153  1825  8 T 1 0 6 4 E 2 9 3 7 5   -
 154  1837  8 T 0 1 6 E 4 9 2 7 3 5   25
 155  1849  T 8 1 0 E 6 9 4 7 2 5 3   -
 156  1861  T 1 8 0 6 E 4 9 2 7 3 5   4
 157  1873  1 T 0 8 E 6 9 4 7 2 5 3   -
 158  1885  T 1 0 E 8 9 6 7 4 5 2 3   3
 159  1897  1 T E 0 9 8 7 6 5 4 3 2   -
 160  1909  1 T 0 E 8 9 6 7 4 5 2 3   2
 161  1921  T 1 E 0 9 8 7 6 5 4 3 2   -
 162  1933  1 T E 9 0 7 8 5 6 3 4 2   3
 163  1945  T 1 9 E 7 0 5 8 3 6 2 4   -
 164  1957  T 9 1 E 0 7 8 5 6 3 4 2   4
 165  1969  9 T E 1 7 0 5 8 3 6 2 4   -
 166  1981  9 T 1 E 7 5 0 3 8 2 6 4   25
 167  1993  T 9 E 1 5 7 3 0 2 8 4 6   -
 168  2005  9 T E 5 1 7 0 3 8 2 6 4   36
 169  2017  T 9 5 E 7 1 3 0 2 8 4 6   -
 170  2029  T 5 9 E 1 7 3 2 0 4 8 6   47
 171  2041  5 T E 9 7 1 2 3 4 0 6 8   -
 172  2053  T 5 9 E 7 2 1 3 0 4 8 6   58
 173  2065  5 T E 9 2 7 3 1 4 0 6 8   -
 174  2077  5 E T 2 9 7 1 3 4 6 0 8   69
 175  2089  E 5 2 T 7 9 3 1 6 4 8 0   -
 176  2101  5 E T 2 9 7 3 6 1 4 0 8   70
 177  2113  E 5 2 T 7 9 6 3 4 1 8 0   -
 178  2125  E 2 5 7 T 6 9 3 1 4 0 8   8
 179  2137  2 E 7 5 6 T 3 9 4 1 8 0   -
 180  2149  E 2 5 7 T 6 9 3 4 8 1 0   9
 181  2161  2 E 7 5 6 T 3 9 8 4 0 1   -
 182  2173  2 7 E 6 5 3 T 8 9 4 1 0   0
 183  2185  7 2 6 E 3 5 8 T 4 9 0 1   -
 184  2197  2 7 E 6 5 3 T 8 9 4 0 1   E
 185  2209  7 2 6 E 3 5 8 T 4 9 1 0   -
 186  2221  7 6 2 3 E 8 5 4 T 9 0 1   0
 187  2233  6 7 3 2 8 E 4 5 9 T 1 0   -
 188  2245  7 6 2 3 E 8 5 4 9 1 T 0   9
 189  2257  6 7 3 2 8 E 4 5 1 9 0 T   -
 190  2269  6 3 7 8 2 4 E 5 9 1 T 0   8
 191  2281  3 6 8 7 4 2 5 E 1 9 0 T   -
 192  2293  6 3 7 8 2 4 5 1 E 9 T 0   70
 193  2305  3 6 8 7 4 2 1 5 9 E 0 T   -
 194  2317  3 8 6 4 7 2 5 1 9 0 E T   69
 195  2329  8 3 4 6 2 7 1 5 0 9 T E   -
 196  2341  3 8 6 4 2 1 7 5 9 0 E T   58
 197  2353  8 3 4 6 1 2 5 7 0 9 T E   -
 198  2365  8 4 3 6 2 1 5 0 7 T 9 E   47
 199  2377  4 8 6 3 1 2 0 5 T 7 E 9   -
 200  2389  8 4 6 1 3 2 5 0 7 T 9 E   36
 201  2401  4 8 1 6 2 3 0 5 T 7 E 9   -
 202  2413  4 8 6 1 2 0 3 T 5 E 7 9   25
 203  2425  8 4 1 6 0 2 T 3 E 5 9 7   -
 204  2437  8 1 4 6 2 0 3 T 5 E 7 9   4
 205  2449  1 8 6 4 0 2 T 3 E 5 9 7   -
 206  2461  8 1 6 0 4 T 2 E 3 9 5 7   3
 207  2473  1 8 0 6 T 4 E 2 9 3 7 5   -
 208  2485  1 8 6 0 4 T 2 E 3 9 5 7   2
 209  2497  8 1 0 6 T 4 E 2 9 3 7 5   -
 210  2509  1 8 0 T 6 E 4 9 2 7 3 5   3
 211  2521  8 1 T 0 E 6 9 4 7 2 5 3   -
 212  2533  8 T 1 0 6 E 4 9 2 7 3 5   4
 213  2545  T 8 0 1 E 6 9 4 7 2 5 3   -
 214  2557  T 8 1 0 E 9 6 7 4 5 2 3   25
 215  2569  8 T 0 1 9 E 7 6 5 4 3 2   -
 216  2581  T 8 0 9 1 E 6 7 4 5 2 3   36
 217  2593  8 T 9 0 E 1 7 6 5 4 3 2   -
 218  2605  8 9 T 0 1 E 7 5 6 3 4 2   47
 219  2617  9 8 0 T E 1 5 7 3 6 2 4   -
 220  2629  8 9 T 0 E 5 1 7 6 3 4 2   58
 221  2641  9 8 0 T 5 E 7 1 3 6 2 4   -
 222  2653  9 0 8 5 T E 1 7 3 2 6 4   69
 223  2665  0 9 5 8 E T 7 1 2 3 4 6   -
 224  2677  9 0 8 5 T E 7 2 1 3 6 4   70
 225  2689  0 9 5 8 E T 2 7 3 1 4 6   -
 226  2701  0 5 9 E 8 2 T 7 1 3 6 4   8
 227  2713  5 0 E 9 2 8 7 T 3 1 4 6   -
 228  2725  0 5 9 E 8 2 T 7 3 4 1 6   9
 229  2737  5 0 E 9 2 8 7 T 4 3 6 1   -
 230  2749  5 E 0 2 9 7 8 4 T 3 1 6   0
 231  2761  E 5 2 0 7 9 4 8 3 T 6 1   -
 232  2773  5 E 0 2 9 7 8 4 T 3 6 1   E
 233  2785  E 5 2 0 7 9 4 8 3 T 1 6   -
 234  2797  E 2 5 7 0 4 9 3 8 T 6 1   0
 235  2809  2 E 7 5 4 0 3 9 T 8 1 6   -
 236  2821  E 2 5 7 0 4 9 3 T 1 8 6   9
 237  2833  2 E 7 5 4 0 3 9 1 T 6 8   -
 238  2845  2 7 E 4 5 3 0 9 T 1 8 6   8
 239  2857  7 2 4 E 3 5 9 0 1 T 6 8   -
 240  2869  2 7 E 4 5 3 9 1 0 T 8 6   70
 241  2881  7 2 4 E 3 5 1 9 T 0 6 8   -
 242  2893  7 4 2 3 E 5 9 1 T 6 0 8   69
 243  2905  4 7 3 2 5 E 1 9 6 T 8 0   -
 244  2917  7 4 2 3 5 1 E 9 T 6 0 8   58
 245  2929  4 7 3 2 1 5 9 E 6 T 8 0   -
 246  2941  4 3 7 2 5 1 9 6 E 8 T 0   47
 247  2953  3 4 2 7 1 5 6 9 8 E 0 T   -
 248  2965  4 3 2 1 7 5 9 6 E 8 T 0   36
 249  2977  3 4 1 2 5 7 6 9 8 E 0 T   -
 250  2989  3 4 2 1 5 6 7 8 9 0 E T   25
 251  3001  4 3 1 2 6 5 8 7 0 9 T E   -
 252  3013  4 1 3 2 5 6 7 8 9 0 E T   4
 253  3025  1 4 2 3 6 5 8 7 0 9 T E   -
 254  3037  4 1 2 6 3 8 5 0 7 T 9 E   3
 255  3049  1 4 6 2 8 3 0 5 T 7 E 9   -
 256  3061  1 4 2 6 3 8 5 0 7 T 9 E   2
 257  3073  4 1 6 2 8 3 0 5 T 7 E 9   -
 258  3085  1 4 6 8 2 0 3 T 5 E 7 9   3
 259  3097  4 1 8 6 0 2 T 3 E 5 9 7   -
 260  3109  4 8 1 6 2 0 3 T 5 E 7 9   4
 261  3121  8 4 6 1 0 2 T 3 E 5 9 7   -
 262  3133  8 4 1 6 0 2 T E 3 9 5 7   2567
 263  3145  4 8 6 1 T 0 E 2 9 3 7 5   ?
 264  3157  8 4 6 T 1 0 2 E 3 9 5 7   36
 265  3169  4 8 T 6 0 1 E 2 9 3 7 5   -
 266  3181  4 T 8 6 1 0 E 9 2 7 3 5   47
 267  3193  T 4 6 8 0 1 9 E 7 2 5 3   -
 268  3205  4 T 8 6 0 9 1 E 2 7 3 5   58
 269  3217  T 4 6 8 9 0 E 1 7 2 5 3   -
 270  3229  T 6 4 9 8 0 1 E 7 5 2 3   69
 271  3241  6 T 9 4 0 8 E 1 5 7 3 2   -
 272  3253  T 6 4 9 8 0 E 5 1 7 2 3   70
 273  3265  6 T 9 4 0 8 5 E 7 1 3 2   -
 274  3277  6 9 T 0 4 5 8 E 1 7 2 3   8
 275  3289  9 6 0 T 5 4 E 8 7 1 3 2   -
 276  3301  6 9 T 0 4 5 8 E 7 3 1 2   9
 277  3313  9 6 0 T 5 4 E 8 3 7 2 1   -
 278  3325  9 0 6 5 T E 4 3 8 7 1 2   0
 279  3337  0 9 5 6 E T 3 4 7 8 2 1   -
 280  3349  9 0 6 5 T E 4 3 8 7 2 1   E
 281  3361  0 9 5 6 E T 3 4 7 8 1 2   -
 282  3373  0 5 9 E 6 3 T 7 4 8 2 1   0
 283  3385  5 0 E 9 3 6 7 T 8 4 1 2   -
 284  3397  0 5 9 E 6 3 T 7 8 1 4 2   9
 285  3409  5 0 E 9 3 6 7 T 1 8 2 4   -
 286  3421  5 E 0 3 9 7 6 T 8 1 4 2   8
 287  3433  E 5 3 0 7 9 T 6 1 8 2 4   -
 288  3445  5 E 0 3 9 7 T 1 6 8 4 2   70
 289  3457  E 5 3 0 7 9 1 T 8 6 2 4   -
 290  3469  E 3 5 7 0 9 T 1 8 2 6 4   69
 291  3481  3 E 7 5 9 0 1 T 2 8 4 6   -
 292  3493  E 3 5 7 9 1 0 T 8 2 6 4   58
 293  3505  3 E 7 5 1 9 T 0 2 8 4 6   -
 294  3517  3 7 E 5 9 1 T 2 0 4 8 6   47
 295  3529  7 3 5 E 1 9 2 T 4 0 6 8   -
 296  3541  3 7 5 1 E 9 T 2 0 4 8 6   36
 297  3553  7 3 1 5 9 E 2 T 4 0 6 8   -
 298  3565  7 3 5 1 9 2 E 4 T 6 0 8   25
 299  3577  3 7 1 5 2 9 4 E 6 T 8 0   -
 300  3589  3 1 7 5 9 2 E 4 T 6 0 8   4
 301  3601  1 3 5 7 2 9 4 E 6 T 8 0   -
 302  3613  3 1 5 2 7 4 9 6 E 8 T 0   3
 303  3625  1 3 2 5 4 7 6 9 8 E 0 T   -
 304  3637  1 2 3 4 5 6 7 8 9 0 E T   1
 305  3649  1 2 3 4 5 6 7 8 9 0 E T   =
 306  3661  1 2 3 4 5 6 7 8 9 0 E T   =
 307  3673  1 2 3 4 5 6 7 8 9 0 E T   =
 308  3685  1 2 3 4 5 6 7 8 9 0 E T   =
