   1     1  1 2 3 4 5 6 7 8 9 0 E T   
   2    13  1 2 3 4 5 6 7 8 9 0 E T   =
   3    25  1 2 3 4 5 6 7 8 9 0 E T   =
   4    37  1 2 3 4 5 6 7 8 9 0 E T   =
   5    49  1 2 3 4 5 6 7 8 9 0 E T   =
   6    61  1 2 3 4 5 6 7 8 9 0 E T   =
   7    73  1 2 3 4 5 6 7 8 9 0 E T   =
   8    85  1 2 3 4 5 6 7 8 9 0 E T   =
   9    97  1 2 3 4 5 6 7 8 9 0 E T   =
  10   109  1 2 3 4 5 6 7 8 9 0 E T   =
  11   121  1 2 3 4 5 6 7 8 9 0 E T   =
  12   133  1 2 3 4 5 6 7 8 9 0 E T   =
  13   145  1 2 3 4 5 6 7 8 9 0 E T   =
  14   157  1 2 3 4 5 6 7 8 9 0 E T   =
  15   169  1 2 3 4 5 6 7 8 9 0 E T   =
  16   181  1 2 3 4 5 6 7 8 9 0 E T   =
  17   193  1 2 3 4 5 6 7 8 9 0 E T   =
  18   205  1 2 3 4 5 6 7 8 9 0 E T   =
  19   217  1 2 3 4 5 6 7 8 9 0 E T   =
  20   229  1 2 3 4 5 6 7 8 9 0 E T   =
  21   241  1 2 3 4 5 6 7 8 9 0 E T   =
  22   253  1 2 3 4 5 6 7 8 9 0 E T   =
  23   265  1 2 3 4 5 6 7 8 9 0 E T   =
  24   277  1 2 3 4 5 6 7 8 9 0 E T   =
  25   289  1 2 3 4 5 6 7 8 9 0 E T   =
  26   301  1 2 3 4 5 6 7 8 9 0 E T   =
  27   313  2 1 4 3 6 5 8 7 0 9 T E   -
  28   325  1 2 4 6 3 8 5 0 7 T 9 E   3
  29   337  2 1 6 4 8 3 0 5 T 7 E 9   -
  30   349  2 6 1 4 3 8 5 0 7 T 9 E   4
  31   361  6 2 4 1 8 3 0 5 T 7 E 9   -
  32   373  6 2 1 4 8 0 3 T 5 E 7 9   25
  33   385  2 6 4 1 0 8 T 3 E 5 9 7   -
  34   397  6 2 4 0 1 8 3 T 5 E 7 9   36
  35   409  2 6 0 4 8 1 T 3 E 5 9 7   -
  36   421  2 0 6 4 1 8 T E 3 9 5 7   47
  37   433  0 2 4 6 8 1 E T 9 3 7 5   -
  38   445  2 0 6 4 8 E 1 T 3 9 5 7   58
  39   457  0 2 4 6 E 8 T 1 9 3 7 5   -
  40   469  0 4 2 E 6 8 1 T 9 7 3 5   69
  41   481  4 0 E 2 8 6 T 1 7 9 5 3   -
  42   493  0 4 2 E 6 8 T 7 1 9 3 5   70
  43   505  4 0 E 2 8 6 7 T 9 1 5 3   -
  44   517  4 E 0 8 2 7 6 T 1 9 3 5   8
  45   529  E 4 8 0 7 2 T 6 9 1 5 3   -
  46   541  4 E 0 8 2 7 6 T 9 5 1 3   9
  47   553  E 4 8 0 7 2 T 6 5 9 3 1   -
  48   565  E 8 4 7 0 T 2 5 6 9 1 3   0
  49   577  8 E 7 4 T 0 5 2 9 6 3 1   -
  50   589  E 8 4 7 0 T 2 5 6 9 3 1   E
  51   601  8 E 7 4 T 0 5 2 9 6 1 3   -
  52   613  8 7 E T 4 5 0 9 2 6 3 1   0
  53   625  7 8 T E 5 4 9 0 6 2 1 3   -
  54   637  8 7 E T 4 5 0 9 6 1 2 3   9
  55   649  7 8 T E 5 4 9 0 1 6 3 2   -
  56   661  7 T 8 5 E 9 4 0 6 1 2 3   8
  57   673  T 7 5 8 9 E 0 4 1 6 3 2   -
  58   685  7 T 8 5 E 9 0 1 4 6 2 3   70
  59   697  T 7 5 8 9 E 1 0 6 4 3 2   -
  60   709  T 5 7 9 8 E 0 1 6 3 4 2   69
  61   721  5 T 9 7 E 8 1 0 3 6 2 4   -
  62   733  T 5 7 9 E 1 8 0 6 3 4 2   58
  63   745  5 T 9 7 1 E 0 8 3 6 2 4   -
  64   757  5 9 T 7 E 1 0 3 8 2 6 4   47
  65   769  9 5 7 T 1 E 3 0 2 8 4 6   -
  66   781  5 9 7 1 T E 0 3 8 2 6 4   36
  67   793  9 5 1 7 E T 3 0 2 8 4 6   -
  68   805  9 5 7 1 E 3 T 2 0 4 8 6   25
  69   817  5 9 1 7 3 E 2 T 4 0 6 8   -
  70   829  5 1 9 7 E 3 T 2 0 4 8 6   4
  71   841  1 5 7 9 3 E 2 T 4 0 6 8   -
  72   853  5 1 7 3 9 2 E 4 T 6 0 8   3
  73   865  1 5 3 7 2 9 4 E 6 T 8 0   -
  74   877  1 5 7 3 9 2 E 4 T 6 0 8   2
  75   889  5 1 3 7 2 9 4 E 6 T 8 0   -
  76   901  1 5 3 2 7 4 9 6 E 8 T 0   3
  77   913  5 1 2 3 4 7 6 9 8 E 0 T   -
  78   925  5 2 1 3 7 4 9 6 E 8 T 0   4
  79   937  2 5 3 1 4 7 6 9 8 E 0 T   -
  80   949  2 5 1 3 4 6 7 8 9 0 E T   25
  81   961  5 2 3 1 6 4 8 7 0 9 T E   -
  82   973  2 5 3 6 1 4 7 8 9 0 E T   36
  83   985  5 2 6 3 4 1 8 7 0 9 T E   -
  84   997  5 6 2 3 1 4 8 0 7 T 9 E   47
  85  1009  6 5 3 2 4 1 0 8 T 7 E 9   -
  86  1021  5 6 2 3 4 0 1 8 7 T 9 E   58
  87  1033  6 5 3 2 0 4 8 1 T 7 E 9   -
  88  1045  6 3 5 0 2 4 1 8 T E 7 9   69
  89  1057  3 6 0 5 4 2 8 1 E T 9 7   -
  90  1069  6 3 5 0 2 4 8 E 1 T 7 9   70
  91  1081  3 6 0 5 4 2 E 8 T 1 9 7   -
  92  1093  3 0 6 4 5 E 2 8 1 T 7 9   8
  93  1105  0 3 4 6 E 5 8 2 T 1 9 7   -
  94  1117  3 0 6 4 5 E 2 8 T 9 1 7   9
  95  1129  0 3 4 6 E 5 8 2 9 T 7 1   -
  96  1141  0 4 3 E 6 8 5 9 2 T 1 7   0
  97  1153  4 0 E 3 8 6 9 5 T 2 7 1   -
  98  1165  0 4 3 E 6 8 5 9 2 T 7 1   E
  99  1177  4 0 E 3 8 6 9 5 T 2 1 7   -
 100  1189  4 E 0 8 3 9 6 T 5 2 7 1   0
 101  1201  E 4 8 0 9 3 T 6 2 5 1 7   -
 102  1213  4 E 0 8 3 9 6 T 2 1 5 7   9
 103  1225  E 4 8 0 9 3 T 6 1 2 7 5   -
 104  1237  E 8 4 9 0 T 3 6 2 1 5 7   8
 105  1249  8 E 9 4 T 0 6 3 1 2 7 5   -
 106  1261  E 8 4 9 0 T 6 1 3 2 5 7   70
 107  1273  8 E 9 4 T 0 1 6 2 3 7 5   -
 108  1285  8 9 E T 4 0 6 1 2 7 3 5   69
 109  1297  9 8 T E 0 4 1 6 7 2 5 3   -
 110  1309  8 9 E T 0 1 4 6 2 7 3 5   58
 111  1321  9 8 T E 1 0 6 4 7 2 5 3   -
 112  1333  9 T 8 E 0 1 6 7 4 5 2 3   47
 113  1345  T 9 E 8 1 0 7 6 5 4 3 2   -
 114  1357  9 T E 1 8 0 6 7 4 5 2 3   36
 115  1369  T 9 1 E 0 8 7 6 5 4 3 2   -
 116  1381  T 9 E 1 0 7 8 5 6 3 4 2   25
 117  1393  9 T 1 E 7 0 5 8 3 6 2 4   -
 118  1405  9 1 T E 0 7 8 5 6 3 4 2   4
 119  1417  1 9 E T 7 0 5 8 3 6 2 4   -
 120  1429  9 1 E 7 T 5 0 3 8 2 6 4   3
 121  1441  1 9 7 E 5 T 3 0 2 8 4 6   -
 122  1453  1 9 E 7 T 5 0 3 8 2 6 4   2
 123  1465  9 1 7 E 5 T 3 0 2 8 4 6   -
 124  1477  1 9 7 5 E 3 T 2 0 4 8 6   3
 125  1489  9 1 5 7 3 E 2 T 4 0 6 8   -
 126  1501  9 5 1 7 E 3 T 2 0 4 8 6   4
 127  1513  5 9 7 1 3 E 2 T 4 0 6 8   -
 128  1525  5 9 1 7 3 2 E 4 T 6 0 8   25
 129  1537  9 5 7 1 2 3 4 E 6 T 8 0   -
 130  1549  5 9 7 2 1 3 E 4 T 6 0 8   36
 131  1561  9 5 2 7 3 1 4 E 6 T 8 0   -
 132  1573  9 2 5 7 1 3 4 6 E 8 T 0   47
 133  1585  2 9 7 5 3 1 6 4 8 E 0 T   -
 134  1597  9 2 5 7 3 6 1 4 E 8 T 0   58
 135  1609  2 9 7 5 6 3 4 1 8 E 0 T   -
 136  1621  2 7 9 6 5 3 1 4 8 0 E T   69
 137  1633  7 2 6 9 3 5 4 1 0 8 T E   -
 138  1645  2 7 9 6 5 3 4 0 1 8 E T   70
 139  1657  7 2 6 9 3 5 0 4 8 1 T E   -
 140  1669  7 6 2 3 9 0 5 4 1 8 E T   8
 141  1681  6 7 3 2 0 9 4 5 8 1 T E   -
 142  1693  7 6 2 3 9 0 5 4 8 T 1 E   9
 143  1705  6 7 3 2 0 9 4 5 T 8 E 1   -
 144  1717  6 3 7 0 2 4 9 T 5 8 1 E   0
 145  1729  3 6 0 7 4 2 T 9 8 5 E 1   -
 146  1741  6 3 7 0 2 4 9 T 5 8 E 1   E
 147  1753  3 6 0 7 4 2 T 9 8 5 1 E   -
 148  1765  3 0 6 4 7 T 2 8 9 5 E 1   0
 149  1777  0 3 4 6 T 7 8 2 5 9 1 E   -
 150  1789  3 0 6 4 7 T 2 8 5 1 9 E   9
 151  1801  0 3 4 6 T 7 8 2 1 5 E 9   -
 152  1813  0 4 3 T 6 8 7 2 5 1 9 E   8
 153  1825  4 0 T 3 8 6 2 7 1 5 E 9   -
 154  1837  0 4 3 T 6 8 2 1 7 5 9 E   70
 155  1849  4 0 T 3 8 6 1 2 5 7 E 9   -
 156  1861  4 T 0 8 3 6 2 1 5 E 7 9   69
 157  1873  T 4 8 0 6 3 1 2 E 5 9 7   -
 158  1885  4 T 0 8 6 1 3 2 5 E 7 9   58
 159  1897  T 4 8 0 1 6 2 3 E 5 9 7   -
 160  1909  T 8 4 0 6 1 2 E 3 9 5 7   47
 161  1921  8 T 0 4 1 6 E 2 9 3 7 5   -
 162  1933  T 8 0 1 4 6 2 E 3 9 5 7   36
 163  1945  8 T 1 0 6 4 E 2 9 3 7 5   -
 164  1957  8 T 0 1 6 E 4 9 2 7 3 5   25
 165  1969  T 8 1 0 E 6 9 4 7 2 5 3   -
 166  1981  T 1 8 0 6 E 4 9 2 7 3 5   4
 167  1993  1 T 0 8 E 6 9 4 7 2 5 3   -
 168  2005  T 1 0 E 8 9 6 7 4 5 2 3   3
 169  2017  1 T E 0 9 8 7 6 5 4 3 2   -
 170  2029  1 T 0 E 8 9 6 7 4 5 2 3   2
 171  2041  T 1 E 0 9 8 7 6 5 4 3 2   -
 172  2053  1 T E 9 0 7 8 5 6 3 4 2   3
 173  2065  T 1 9 E 7 0 5 8 3 6 2 4   -
 174  2077  T 9 1 E 0 7 8 5 6 3 4 2   4
 175  2089  9 T E 1 7 0 5 8 3 6 2 4   -
 176  2101  9 T 1 E 7 5 0 3 8 2 6 4   25
 177  2113  T 9 E 1 5 7 3 0 2 8 4 6   -
 178  2125  9 T E 5 1 7 0 3 8 2 6 4   36
 179  2137  T 9 5 E 7 1 3 0 2 8 4 6   -
 180  2149  T 5 9 E 1 7 3 2 0 4 8 6   47
 181  2161  5 T E 9 7 1 2 3 4 0 6 8   -
 182  2173  T 5 9 E 7 2 1 3 0 4 8 6   58
 183  2185  5 T E 9 2 7 3 1 4 0 6 8   -
 184  2197  5 E T 2 9 7 1 3 4 6 0 8   69
 185  2209  E 5 2 T 7 9 3 1 6 4 8 0   -
 186  2221  5 E T 2 9 7 3 6 1 4 0 8   70
 187  2233  E 5 2 T 7 9 6 3 4 1 8 0   -
 188  2245  E 2 5 7 T 6 9 3 1 4 0 8   8
 189  2257  2 E 7 5 6 T 3 9 4 1 8 0   -
 190  2269  E 2 7 5 T 6 9 3 4 8 1 0   349
 191  2281  2 E 7 5 6 T 3 9 8 4 0 1   34
 192  2293  2 7 E 6 5 3 T 8 9 4 1 0   0
 193  2305  7 2 6 E 3 5 8 T 4 9 0 1   -
 194  2317  2 7 E 6 5 3 T 8 9 4 0 1   E
 195  2329  7 2 6 E 3 5 8 T 4 9 1 0   -
 196  2341  7 6 2 3 E 8 5 4 T 9 0 1   0
 197  2353  6 7 3 2 8 E 4 5 9 T 1 0   -
 198  2365  7 6 2 3 E 8 5 4 9 1 T 0   9
 199  2377  6 7 3 2 8 E 4 5 1 9 0 T   -
 200  2389  6 3 7 8 2 4 E 5 9 1 T 0   8
 201  2401  3 6 8 7 4 2 5 E 1 9 0 T   -
 202  2413  6 3 7 8 2 4 5 1 E 9 T 0   70
 203  2425  3 6 8 7 4 2 1 5 9 E 0 T   -
 204  2437  3 8 6 4 7 2 5 1 9 0 E T   69
 205  2449  8 3 4 6 2 7 1 5 0 9 T E   -
 206  2461  3 8 6 4 2 1 7 5 9 0 E T   58
 207  2473  8 3 4 6 1 2 5 7 0 9 T E   -
 208  2485  8 4 3 6 2 1 5 0 7 T 9 E   47
 209  2497  4 8 6 3 1 2 0 5 T 7 E 9   -
 210  2509  8 4 6 1 3 2 5 0 7 T 9 E   36
 211  2521  4 8 1 6 2 3 0 5 T 7 E 9   -
 212  2533  4 8 6 1 2 0 3 T 5 E 7 9   25
 213  2545  8 4 1 6 0 2 T 3 E 5 9 7   -
 214  2557  8 1 4 6 2 0 3 T 5 E 7 9   4
 215  2569  1 8 6 4 0 2 T 3 E 5 9 7   -
 216  2581  8 1 6 0 4 T 2 E 3 9 5 7   3
 217  2593  1 8 0 6 T 4 E 2 9 3 7 5   -
 218  2605  1 8 6 0 4 T 2 E 3 9 5 7   2
 219  2617  8 1 0 6 T 4 E 2 9 3 7 5   -
 220  2629  1 8 0 T 6 E 4 9 2 7 3 5   3
 221  2641  8 1 T 0 E 6 9 4 7 2 5 3   -
 222  2653  8 T 1 0 6 E 4 9 2 7 3 5   4
 223  2665  T 8 0 1 E 6 9 4 7 2 5 3   -
 224  2677  T 8 1 0 E 9 6 7 4 5 2 3   25
 225  2689  8 T 0 1 9 E 7 6 5 4 3 2   -
 226  2701  T 8 0 9 1 E 6 7 4 5 2 3   36
 227  2713  8 T 9 0 E 1 7 6 5 4 3 2   -
 228  2725  8 9 T 0 1 E 7 5 6 3 4 2   47
 229  2737  9 8 0 T E 1 5 7 3 6 2 4   -
 230  2749  8 9 T 0 E 5 1 7 6 3 4 2   58
 231  2761  9 8 0 T 5 E 7 1 3 6 2 4   -
 232  2773  9 0 8 5 T E 1 7 3 2 6 4   69
 233  2785  0 9 5 8 E T 7 1 2 3 4 6   -
 234  2797  9 0 8 5 T E 7 2 1 3 6 4   70
 235  2809  0 9 5 8 E T 2 7 3 1 4 6   -
 236  2821  0 5 9 E 8 2 T 7 1 3 6 4   8
 237  2833  5 0 E 9 2 8 7 T 3 1 4 6   -
 238  2845  0 5 9 E 8 2 T 7 3 4 1 6   9
 239  2857  5 0 E 9 2 8 7 T 4 3 6 1   -
 240  2869  5 E 0 2 9 7 8 4 T 3 1 6   0
 241  2881  E 5 2 0 7 9 4 8 3 T 6 1   -
 242  2893  5 E 0 2 9 7 8 4 T 3 6 1   E
 243  2905  E 5 2 0 7 9 4 8 3 T 1 6   -
 244  2917  E 2 5 7 0 4 9 3 8 T 6 1   0
 245  2929  2 E 7 5 4 0 3 9 T 8 1 6   -
 246  2941  E 2 5 7 0 4 9 3 T 1 8 6   9
 247  2953  2 E 7 5 4 0 3 9 1 T 6 8   -
 248  2965  2 7 E 4 5 3 0 9 T 1 8 6   8
 249  2977  7 2 4 E 3 5 9 0 1 T 6 8   -
 250  2989  2 7 4 E 5 3 9 1 0 T 8 6   3470
 251  3001  7 2 4 3 5 E 1 9 T 0 6 8   ?
 252  3013  7 4 2 3 5 E 9 1 T 6 0 8   4569
 253  3025  4 7 3 2 5 E 1 9 6 T 8 0   56
 254  3037  7 4 2 3 5 1 E 9 T 6 0 8   58
 255  3049  4 7 3 2 1 5 E 9 6 T 8 0   78
 256  3061  4 3 7 2 5 1 E 9 6 8 T 0   4789
 257  3073  3 4 2 7 1 5 6 E 9 8 0 T   ?
 258  3085  4 3 2 1 7 5 9 E 6 8 T 0   ?
 259  3097  3 4 1 2 5 7 6 E 9 8 0 T   ?
 260  3109  3 4 2 1 5 6 7 8 9 E 0 T   ?
 261  3121  4 3 1 2 6 5 8 7 0 9 T E   ?
 262  3133  4 1 3 2 5 6 7 8 9 0 E T   4
 263  3145  1 4 2 3 6 5 8 7 0 9 T E   -
 264  3157  4 1 2 6 3 8 5 0 7 T 9 E   3
 265  3169  1 4 6 2 8 3 0 5 T 7 E 9   -
 266  3181  1 4 2 6 3 8 5 0 7 T 9 E   2
 267  3193  4 1 6 2 8 3 0 5 T 7 E 9   -
 268  3205  1 4 6 8 2 0 3 T 5 E 7 9   3
 269  3217  4 1 8 6 0 2 T 3 E 5 9 7   -
 270  3229  4 8 1 6 2 0 3 T 5 E 7 9   4
 271  3241  8 4 6 1 0 2 T 3 E 5 9 7   -
 272  3253  8 4 1 6 0 T 2 E 3 9 5 7   25
 273  3265  4 8 6 1 T 0 E 2 9 3 7 5   -
 274  3277  8 4 6 T 1 0 2 E 3 9 5 7   36
 275  3289  4 8 T 6 0 1 E 2 9 3 7 5   -
 276  3301  4 T 8 6 1 0 E 9 2 7 3 5   47
 277  3313  T 4 6 8 0 1 9 E 7 2 5 3   -
 278  3325  4 T 8 6 0 9 1 E 2 7 3 5   58
 279  3337  T 4 6 8 9 0 E 1 7 2 5 3   -
 280  3349  T 6 4 9 8 0 1 E 7 5 2 3   69
 281  3361  6 T 9 4 0 8 E 1 5 7 3 2   -
 282  3373  T 6 4 9 8 0 E 5 1 7 2 3   70
 283  3385  6 T 9 4 0 8 5 E 7 1 3 2   -
 284  3397  6 9 T 0 4 5 8 E 1 7 2 3   8
 285  3409  9 6 0 T 5 4 E 8 7 1 3 2   -
 286  3421  6 9 T 0 4 5 8 E 7 3 1 2   9
 287  3433  9 6 0 T 5 4 E 8 3 7 2 1   -
 288  3445  9 0 6 5 T E 4 3 8 7 1 2   0
 289  3457  0 9 5 6 E T 3 4 7 8 2 1   -
 290  3469  9 0 6 5 T E 4 3 8 7 2 1   E
 291  3481  0 9 5 6 E T 3 4 7 8 1 2   -
 292  3493  0 5 9 E 6 3 T 7 4 8 2 1   0
 293  3505  5 0 E 9 3 6 7 T 8 4 1 2   -
 294  3517  0 5 9 E 6 3 T 7 8 1 4 2   9
 295  3529  5 0 E 9 3 6 7 T 1 8 2 4   -
 296  3541  5 E 0 3 9 7 6 T 8 1 4 2   8
 297  3553  E 5 3 0 7 9 T 6 1 8 2 4   -
 298  3565  5 E 0 3 9 7 T 1 6 8 4 2   70
 299  3577  E 5 3 0 7 9 1 T 8 6 2 4   -
 300  3589  E 3 5 7 0 9 T 1 8 2 6 4   69
 301  3601  3 E 7 5 9 0 1 T 2 8 4 6   -
 302  3613  E 3 5 7 9 1 0 T 8 2 6 4   58
 303  3625  3 E 7 5 1 9 T 0 2 8 4 6   -
 304  3637  3 7 E 5 9 1 T 2 0 4 8 6   47
 305  3649  7 3 5 E 1 9 2 T 4 0 6 8   -
 306  3661  3 7 5 1 E 9 T 2 0 4 8 6   36
 307  3673  7 3 1 5 9 E 2 T 4 0 6 8   -
 308  3685  7 3 5 1 9 2 E 4 T 6 0 8   25
 309  3697  3 7 1 5 2 9 4 E 6 T 8 0   -
 310  3709  3 1 7 5 9 2 E 4 T 6 0 8   4
 311  3721  1 3 5 7 2 9 4 E 6 T 8 0   -
 312  3733  3 1 5 2 7 4 9 6 E 8 T 0   3
 313  3745  1 3 2 5 4 7 6 9 8 E 0 T   -
 314  3757  1 2 3 4 5 6 7 8 9 0 E T   1
 315  3769  1 2 3 4 5 6 7 8 9 0 E T   =
 316  3781  1 2 3 4 5 6 7 8 9 0 E T   =
 317  3793  1 2 3 4 5 6 7 8 9 0 E T   =
 318  3805  1 2 3 4 5 6 7 8 9 0 E T   =
